   3.1793437e-01
   3.2689308e-01
   3.3546330e-01
   3.4363627e-01
   3.5140414e-01
   3.5875907e-01
   3.6569321e-01
   3.7219871e-01
   3.7826773e-01
   3.8389242e-01
   3.8906495e-01
   3.9377746e-01
   3.9802211e-01
   4.0179105e-01
   4.0507644e-01
   4.0787044e-01
   4.1016519e-01
   4.1195286e-01
   4.1322560e-01
   4.1397556e-01
   4.1419490e-01
   4.1387578e-01
   4.1301034e-01
   4.1159075e-01
   4.0960915e-01
   4.0705771e-01
   4.0392858e-01
   4.0021480e-01
   3.9591766e-01
   3.9105829e-01
   3.8566252e-01
   3.7975617e-01
   3.7336507e-01
   3.6651503e-01
   3.5923189e-01
   3.5154145e-01
   3.4346954e-01
   3.3504198e-01
   3.2628461e-01
   3.1722323e-01
   3.0788367e-01
   2.9829175e-01
   2.8847329e-01
   2.7845413e-01
   2.6826007e-01
   2.5791694e-01
   2.4745056e-01
   2.3688676e-01
   2.2625135e-01
   2.1557016e-01
   2.0486901e-01
   1.9417373e-01
   1.8351013e-01
   1.7290403e-01
   1.6238126e-01
   1.5196765e-01
   1.4168900e-01
   1.3157116e-01
   1.2163992e-01
   1.1192113e-01
   1.0244060e-01
   9.3224145e-02
   8.4297600e-02
   7.5686532e-02
   6.7413370e-02
   5.9489818e-02
   5.1917075e-02
   4.4690871e-02
   3.7804986e-02
   3.1252918e-02
   2.5028196e-02
   1.9124461e-02
   1.3535381e-02
   8.2546268e-03
   3.2758662e-03
   1.4072314e-03
   5.8009967e-03
   9.9117607e-03
   1.3745854e-02
   1.7309608e-02
   2.0609353e-02
   2.3651421e-02
   2.6442141e-02
   2.8987846e-02
   3.1294865e-02
   3.3369530e-02
   3.5218172e-02
   3.6847121e-02
   3.8262708e-02
   3.9471265e-02
   4.0479122e-02
   4.1292610e-02
   4.1918059e-02
   4.2361802e-02
   4.2630168e-02
   4.2729489e-02
   4.2666095e-02
   4.2446317e-02
   4.2076486e-02
   4.1562934e-02
   4.0911991e-02
   4.0129987e-02
   3.9223254e-02
   3.8198123e-02
   3.7060924e-02
   3.5817988e-02
   3.4475647e-02
   3.3040231e-02
   3.1518071e-02
   2.9915497e-02
   2.8238325e-02
   2.6490472e-02
   2.4675782e-02
   2.2797372e-02
   2.0858956e-02
   1.8865801e-02
   1.6823533e-02
   1.4737780e-02
   1.2614169e-02
   1.0458324e-02
   8.2758747e-03
   6.0724458e-03
   3.8536645e-03
   1.6251575e-03
   6.0744876e-04
   2.8385275e-03
   5.0624523e-03
   7.2735962e-03
   9.4663329e-03
   1.1635036e-02
   1.3774078e-02
   1.5877833e-02
   1.7940674e-02
   1.9956974e-02
   2.1921108e-02
   2.3827448e-02
   2.5670367e-02
   2.7444239e-02
   2.9143438e-02
   3.0762337e-02
   3.2295309e-02
   3.3736727e-02
   3.5080965e-02
   3.6322397e-02
   3.7455395e-02
   3.8474333e-02
   3.9373585e-02
   4.0147523e-02
   4.0790521e-02
   4.1296953e-02
   4.1661192e-02
   4.1877611e-02
   4.1940584e-02
   4.1844484e-02
   4.1583684e-02
   4.1152558e-02
   4.0545479e-02
   3.9756821e-02
   3.8781005e-02
   3.7612972e-02
   3.6249271e-02
   3.4688165e-02
   3.2930288e-02
   3.0980337e-02
   2.8847896e-02
   2.6543604e-02
   2.4078102e-02
   2.1462028e-02
   1.8706023e-02
   1.5820726e-02
   1.2816776e-02
   9.7048146e-03
   6.4954803e-03
   3.1994131e-03
   1.7274748e-04
   3.6103616e-03
   7.1027895e-03
   1.0639392e-02
   1.4209528e-02
   1.7802559e-02
   2.1407846e-02
   2.5014747e-02
   2.8612624e-02
   3.2190837e-02
   3.5738747e-02
   3.9245712e-02
   4.2701095e-02
   4.6094254e-02
   4.9414551e-02
   5.2651346e-02
   5.5793998e-02
   5.8831869e-02
   6.1754318e-02
   6.4550706e-02
   6.7210393e-02
   6.9722740e-02
   7.2077106e-02
   7.4262853e-02
   7.6269339e-02
   7.8085926e-02
   7.9701974e-02
   8.1106843e-02
   8.2289894e-02
   8.3240486e-02
   8.3947980e-02
   8.4401737e-02
   8.4591116e-02
   8.4505478e-02
   8.4135853e-02
   8.3481863e-02
   8.2553074e-02
   8.1363403e-02
   7.9927375e-02
   7.8259516e-02
   7.6374353e-02
   7.4286410e-02
   7.2010214e-02
   6.9560290e-02
   6.6951164e-02
   6.4197361e-02
   6.1313407e-02
   5.8313829e-02
   5.5213151e-02
   5.2025899e-02
   4.8766599e-02
   4.5449778e-02
   4.2089959e-02
   3.8701670e-02
   3.5299436e-02
   3.1897782e-02
   2.8511235e-02
   2.5154320e-02
   2.1841562e-02
   1.8587488e-02
   1.5406623e-02
   1.2313493e-02
   9.3223784e-03
   6.4456411e-03
   3.6910193e-03
   1.0626857e-03
   1.4369832e-03
   3.8064458e-03
   6.0450159e-03
   8.1528853e-03
   1.0131669e-02
   1.1985388e-02
   1.3719780e-02
   1.5343908e-02
   1.6867926e-02
   1.8302025e-02
   1.9656384e-02
   2.0941117e-02
   2.2166004e-02
   2.3339872e-02
   2.4467972e-02
   2.5551277e-02
   2.6589150e-02
   2.7580811e-02
   2.8525742e-02
   2.9423937e-02
   3.0275817e-02
   3.1081392e-02
   3.1840504e-02
   3.2553400e-02
   3.3222659e-02
   3.3851510e-02
   3.4443168e-02
   3.5000771e-02
   3.5527448e-02
   3.6026180e-02
   3.6499474e-02
   3.6949107e-02
   3.7376377e-02
   3.7782951e-02
   3.8170610e-02
   3.8540613e-02
   3.8892245e-02
   3.9223514e-02
   3.9532403e-02
   3.9816875e-02
   4.0074772e-02
   4.0303959e-02
   4.0502600e-02
   4.0670582e-02
   4.0810825e-02
   4.0928508e-02
   4.1029037e-02
   4.1116988e-02
   4.1196698e-02
   4.1272403e-02
   4.1348282e-02
   4.1428189e-02
   4.1515011e-02
   4.1610119e-02
   4.1712275e-02
   4.1818680e-02
   4.1926297e-02
   4.2032084e-02
   4.2132976e-02
   4.2225901e-02
   4.2308021e-02
   4.2377651e-02
   4.2434519e-02
   4.2479605e-02
   4.2514154e-02
   4.2539425e-02
   4.2556680e-02
   4.2567152e-02
   4.2571880e-02
   4.2571453e-02
   4.2565996e-02
   4.2555237e-02
   4.2539624e-02
   4.2520177e-02
   4.2498014e-02
   4.2474252e-02
   4.2450068e-02
   4.2426270e-02
   4.2401341e-02
   4.2373275e-02
   4.2340180e-02
   4.2300411e-02
   4.2252909e-02
   4.2197541e-02
   4.2134298e-02
   4.2062817e-02
   4.1982653e-02
   4.1893482e-02
   4.1795676e-02
   4.1690465e-02
   4.1579293e-02
   4.1463722e-02
   4.1345456e-02
   4.1226114e-02
   4.1106641e-02
   4.0986973e-02
   4.0866639e-02
   4.0745091e-02
   4.0621690e-02
   4.0495764e-02
   4.0366637e-02
   4.0233730e-02
   4.0096564e-02
   3.9954978e-02
   3.9808926e-02
   3.9658416e-02
   3.9503620e-02
   3.9344752e-02
   3.9182024e-02
   3.9015648e-02
   3.8845839e-02
   3.8672809e-02
   3.8496771e-02
   3.8317938e-02
   3.8136497e-02
   3.7952543e-02
   3.7766214e-02
   3.7577759e-02
   3.7387454e-02
   3.7195465e-02
   3.7001512e-02
   3.6805231e-02
   3.6606353e-02
   3.6404670e-02
   3.6199987e-02
   3.5992121e-02
   3.5780954e-02
   3.5566339e-02
   3.5348100e-02
   3.5126057e-02
   3.4900057e-02
   3.4670038e-02
   3.4435980e-02
   3.4197942e-02
   3.3956034e-02
   3.3710377e-02
   3.3461098e-02
   3.3208370e-02
   3.2952501e-02
   3.2693843e-02
   3.2432668e-02
   3.2169219e-02
   3.1903744e-02
   3.1636440e-02
   3.1367347e-02
   3.1096642e-02
   3.0824585e-02
   3.0551263e-02
   3.0276712e-02
   3.0000930e-02
   2.9723768e-02
   2.9445082e-02
   2.9164800e-02
   2.8883100e-02
   2.8600341e-02
   2.8316907e-02
   2.8033172e-02
   2.7749457e-02
   2.7466069e-02
   2.7183314e-02
   2.6901501e-02
   2.6621030e-02
   2.6342546e-02
   2.6066443e-02
   2.5792528e-02
   2.5520144e-02
   2.5248546e-02
   2.4976991e-02
   2.4704732e-02
   2.4431073e-02
   2.4155609e-02
   2.3878096e-02
   2.3598316e-02
   2.3316052e-02
   2.3031087e-02
   2.2743278e-02
   2.2452885e-02
   2.2160544e-02
   2.1866683e-02
   2.1571749e-02
   2.1276215e-02
   2.0980554e-02
   2.0685223e-02
   2.0390598e-02
   2.0096891e-02
   1.9804210e-02
   1.9512687e-02
   1.9222423e-02
   1.8933512e-02
   1.8646046e-02
   1.8360106e-02
   1.8075713e-02
   1.7792859e-02
   1.7511525e-02
   1.7231824e-02
   1.6953443e-02
   1.6676028e-02
   1.6399291e-02
   1.6122956e-02
   1.5846747e-02
   1.5570390e-02
   1.5293608e-02
   1.5016133e-02
   1.4737720e-02
   1.4458226e-02
   1.4177880e-02
   1.3897040e-02
   1.3616074e-02
   1.3335349e-02
   1.3055235e-02
   1.2776098e-02
   1.2498306e-02
   1.2222227e-02
   1.1948230e-02
   1.1676677e-02
   1.1407919e-02
   1.1142395e-02
   1.0880759e-02
   1.0623063e-02
   1.0369034e-02
   1.0118355e-02
   9.8707085e-03
   9.6257789e-03
   9.3832492e-03
   9.1428031e-03
   8.9041195e-03
   8.6668392e-03
   8.4306418e-03
   8.1956909e-03
   7.9623016e-03
   7.7307920e-03
   7.5013982e-03
   7.2743346e-03
   7.0498311e-03
   6.8281779e-03
   6.6096642e-03
   6.3945728e-03
   6.1832549e-03
   5.9758472e-03
   5.7723559e-03
   5.5727691e-03
   5.3770750e-03
   5.1852615e-03
   4.9973167e-03
   4.8132288e-03
   4.6329857e-03
   4.4565560e-03
   4.2838531e-03
   4.1148077e-03
   3.9491887e-03
   3.7868844e-03
   3.6277828e-03
   3.4717976e-03
   3.3188861e-03
   3.1690151e-03
   3.0220440e-03
   2.8777472e-03
   2.7358739e-03
   2.5963023e-03
   2.4595151e-03
   2.3258583e-03
   2.1954747e-03
   2.0684810e-03
   1.9449961e-03
   1.8251386e-03
   1.7090273e-03
   1.5967736e-03
   1.4884601e-03
   1.3841431e-03
   1.2837395e-03
   1.1869924e-03
   1.0939585e-03
   1.0047762e-03
   9.1954468e-04
   8.3838739e-04
   7.6146098e-04
   6.8903933e-04
   6.2150464e-04
   5.5927558e-04
   5.0273488e-04
   4.5205913e-04
   4.0724412e-04
   3.6826564e-04
   3.3473493e-04
   3.0613270e-04
   2.8193109e-04
   2.6160228e-04
   2.4461843e-04
   2.3045171e-04
   2.1857428e-04
   2.0845830e-04
   1.9957918e-04
   1.9139385e-04
   1.8327755e-04
   1.7479179e-04
   1.6582258e-04
   1.5658456e-04
   1.4741563e-04
   1.3870747e-04
   1.3072530e-04
   1.2359922e-04
   1.1771911e-04
   1.1322840e-04
   1.1014156e-04
   1.0846169e-04
   1.0819191e-04
   1.0933533e-04
   1.1189506e-04
   1.1587420e-04
   1.2127587e-04
   1.2808741e-04
   1.3626910e-04
   1.4585058e-04
   1.5663522e-04
   1.6826071e-04
   1.8033801e-04
   1.9247810e-04
   2.0429194e-04
   2.1539051e-04
   2.2538477e-04
   2.3388570e-04
   2.4050426e-04
   2.4485143e-04
   2.4653817e-04
   2.4515560e-04
   2.4033453e-04
   2.3221607e-04
   2.2128184e-04
   2.0809615e-04
   1.9323060e-04
   1.7725681e-04
   1.6074639e-04
   1.4427096e-04
   1.2840214e-04
   1.1371153e-04
   1.0076788e-04
   9.0073547e-05
   8.1908556e-05
   7.6429391e-05
   7.3514379e-05
   7.2972250e-05
   7.4611733e-05
   7.8241557e-05
   8.3670452e-05
   9.0707148e-05
   9.9160374e-05
   1.0883886e-04
   1.1955523e-04
   1.3113706e-04
   1.4339559e-04
   1.5606250e-04
   1.6880589e-04
   1.8123468e-04
   1.9296314e-04
   2.0370035e-04
   2.1331982e-04
   2.2179189e-04
   2.2910274e-04
   2.3523857e-04
   2.4018557e-04
   2.4392993e-04
   2.4645784e-04
   2.4775550e-04
   2.4780909e-04
   2.4660481e-04
   2.4412885e-04
   2.4037235e-04
   2.3537609e-04
   2.2929145e-04
   2.2227035e-04
   2.1453403e-04
   2.0625129e-04
   1.9757139e-04
   1.8864359e-04
   1.7961718e-04
   1.7064141e-04
   1.6186556e-04
   1.5343889e-04
   1.4549025e-04
   1.3808660e-04
   1.3135182e-04
   1.2541757e-04
   1.2039303e-04
   1.1638214e-04
   1.1348886e-04
   1.1181714e-04
   1.1139629e-04
   1.1200056e-04
   1.1350347e-04
   1.1582197e-04
   1.1887307e-04
   1.2257373e-04
   1.2684094e-04
   1.3163319e-04
   1.3701378e-04
   1.4280179e-04
   1.4859317e-04
   1.5394344e-04
   1.5840809e-04
   1.6154264e-04
   1.6290259e-04
   1.6204346e-04
   1.5853735e-04
   1.5219093e-04
   1.4352040e-04
   1.3329236e-04
   1.2229399e-04
   1.1131248e-04
   1.0113500e-04
   9.2548745e-05
   8.6340894e-05
   8.3303088e-05
   8.4068530e-05
   8.8569767e-05
   9.6563071e-05
   1.0780471e-04
   1.2205096e-04
   1.3886611e-04
   1.5694732e-04
   1.7440039e-04
   1.8922232e-04
   1.9940771e-04
   2.0341254e-04
   2.0160641e-04
   1.9509331e-04
   1.8504548e-04
   1.7263517e-04
   1.5903461e-04
   1.4537235e-04
   1.3257200e-04
   1.2139282e-04
   1.1256391e-04
   1.0681435e-04
   1.0487326e-04
   1.0746973e-04
   1.1512010e-04
   1.2738710e-04
   1.4321028e-04
   1.6142658e-04
   1.8087295e-04
   2.0038631e-04
   2.1880362e-04
   2.3496181e-04
   2.4769782e-04
   2.5600815e-04
   2.5965640e-04
   2.5908140e-04
   2.5485086e-04
   2.4753252e-04
   2.3769412e-04
   2.2590337e-04
   2.1272802e-04
   1.9873579e-04
   1.8449441e-04
   1.7057161e-04
   1.5743710e-04
   1.4519317e-04
   1.3394275e-04
   1.2381344e-04
   1.1493285e-04
   1.0742858e-04
   1.0142823e-04
   9.7059406e-05
   9.4449704e-05
   9.3660625e-05
   9.4489252e-05
   9.6666563e-05
   9.9923536e-05
   1.0399115e-04
   1.0860038e-04
   1.1348221e-04
   1.1836761e-04
   1.2298867e-04
   1.2710493e-04
   1.3059437e-04
   1.3345788e-04
   1.3572132e-04
   1.3741056e-04
   1.3855146e-04
   1.3916989e-04
   1.3929172e-04
   1.3894280e-04
   1.3814901e-04
   1.3693621e-04
   1.3533026e-04
   1.3335703e-04
   1.3105856e-04
   1.2856534e-04
   1.2607530e-04
   1.2363427e-04
   1.2124409e-04
   1.1890661e-04
   1.1662366e-04
   1.1439711e-04
   1.1222878e-04
   1.1012053e-04
   1.0807420e-04
   1.0609164e-04
   1.0421691e-04
   1.0263791e-04
   1.0148481e-04
   1.0086275e-04
   1.0087691e-04
   1.0163244e-04
   1.0323450e-04
   1.0578826e-04
   1.0934290e-04
   1.1370758e-04
   1.1857084e-04
   1.2360506e-04
   1.2848263e-04
   1.3287594e-04
   1.3645737e-04
   1.3889929e-04
   1.3995987e-04
   1.3974025e-04
   1.3842736e-04
   1.3620814e-04
   1.3326949e-04
   1.2979834e-04
   1.2598162e-04
   1.2198983e-04
   1.1794614e-04
   1.1403048e-04
   1.1044107e-04
   1.0737614e-04
   1.0503392e-04
   1.0361263e-04
   1.0331050e-04
   1.0432576e-04
   1.0685664e-04
   1.1100051e-04
   1.1645138e-04
   1.2280240e-04
   1.2964674e-04
   1.3657754e-04
   1.4318797e-04
   1.4907118e-04
   1.5382034e-04
   1.5702858e-04
   1.5838544e-04
   1.5796583e-04
   1.5594103e-04
   1.5248234e-04
   1.4776102e-04
   1.4194836e-04
   1.3521564e-04
   1.2773414e-04
   1.1967515e-04
   1.1120994e-04
   1.0250896e-04
   9.3753774e-05
   8.5184339e-05
   7.7060363e-05
   6.9642874e-05
   6.3192902e-05
   5.7971474e-05
   5.4239619e-05
   5.2258365e-05
   5.2288740e-05
   5.4498774e-05
   5.8684499e-05
   6.4548948e-05
   7.1795154e-05
   8.0126151e-05
   8.9244971e-05
   9.8854647e-05
   1.0865821e-04
   1.1835982e-04
   1.2769548e-04
   1.3651955e-04
   1.4474423e-04
   1.5228930e-04
   1.5907457e-04
   1.6501982e-04
   1.7004485e-04
   1.7406945e-04
   1.7701342e-04
   1.7879654e-04
   1.7940002e-04
   1.7905064e-04
   1.7803659e-04
   1.7664609e-04
   1.7516731e-04
   1.7388846e-04
   1.7309773e-04
   1.7308332e-04
   1.7413341e-04
   1.7652291e-04
   1.8038637e-04
   1.8549646e-04
   1.9153874e-04
   1.9819874e-04
   2.0516200e-04
   2.1211405e-04
   2.1874043e-04
   2.2473472e-04
   2.2982257e-04
   2.3373767e-04
   2.3621373e-04
   2.3698442e-04
   2.3578344e-04
   2.3242106e-04
   2.2704452e-04
   2.1999997e-04
   2.1166416e-04
   2.0241384e-04
   1.9262576e-04
   1.8267667e-04
   1.7290295e-04
   1.6347948e-04
   1.5454078e-04
   1.4622136e-04
   1.3865574e-04
   1.3197842e-04
   1.2632394e-04
   1.2182679e-04
   1.1862150e-04
   1.1680086e-04
   1.1629086e-04
   1.1697575e-04
   1.1873980e-04
   1.2146727e-04
   1.2504242e-04
   1.2934952e-04
   1.3427283e-04
   1.3969660e-04
   1.4550898e-04
   1.5160840e-04
   1.5787669e-04
   1.6419056e-04
   1.7042671e-04
   1.7646184e-04
   1.8217265e-04
   1.8743585e-04
   1.9212815e-04
   1.9614040e-04
   1.9943340e-04
   2.0203540e-04
   2.0398793e-04
   2.0533253e-04
   2.0611076e-04
   2.0636415e-04
   2.0613424e-04
   2.0546259e-04
   2.0439074e-04
   2.0296023e-04
   2.0121260e-04
   1.9918939e-04
   1.9693217e-04
   1.9447978e-04
   1.9186535e-04
   1.8913887e-04
   1.8635521e-04
   1.8356927e-04
   1.8083593e-04
   1.7821009e-04
   1.7574662e-04
   1.7350042e-04
   1.7152637e-04
   1.6987935e-04
   1.6861426e-04
   1.6778598e-04
   1.6745181e-04
   1.6764253e-04
   1.6824661e-04
   1.6911634e-04
   1.7010400e-04
   1.7106190e-04
   1.7184232e-04
   1.7229755e-04
   1.7227987e-04
   1.7164159e-04
   1.7023314e-04
   1.6796645e-04
   1.6502727e-04
   1.6167027e-04
   1.5815011e-04
   1.5472146e-04
   1.5163898e-04
   1.4915734e-04
   1.4753120e-04
   1.4692432e-04
   1.4713691e-04
   1.4787825e-04
   1.4885764e-04
   1.4978437e-04
   1.5036774e-04
   1.5031704e-04
   1.4935858e-04
   1.4733076e-04
   1.4426521e-04
   1.4023762e-04
   1.3532370e-04
   1.2959912e-04
   1.2313959e-04
   1.1602080e-04
   1.0845658e-04
   1.0121331e-04
   9.5200187e-05
   9.1330487e-05
   9.0191737e-05
   9.1268063e-05
   9.3771382e-05
   9.6913609e-05
   9.9953400e-05
   1.0238832e-04
   1.0397048e-04
   1.0450395e-04
   1.0379281e-04
   1.0177339e-04
   9.8925091e-05
   9.5915220e-05
   9.3425010e-05
   9.2135694e-05
   9.2721564e-05
   9.5699849e-05
   1.0102676e-04
   1.0838184e-04
   1.1740780e-04
   1.2774737e-04
   1.3902558e-04
   1.5079678e-04
   1.6259766e-04
   1.7395074e-04
   1.8434427e-04
   1.9337127e-04
   2.0076552e-04
   2.0629043e-04
   2.0970940e-04
   2.1078585e-04
   2.0937236e-04
   2.0569499e-04
   2.0013588e-04
   1.9309393e-04
   1.8496802e-04
   1.7615701e-04
   1.6706693e-04
   1.5808986e-04
   1.4947158e-04
   1.4148006e-04
   1.3439942e-04
   1.2851379e-04
   1.2400373e-04
   1.2072097e-04
   1.1875480e-04
   1.1827985e-04
   1.1947072e-04
   1.2250203e-04
   1.2756332e-04
   1.3480405e-04
   1.4398904e-04
   1.5478323e-04
   1.6685153e-04
   1.7985889e-04
   1.9332995e-04
   2.0618758e-04
   2.1716267e-04
   2.2539098e-04
   2.3028761e-04
