   6.8493046e-01
   6.8017666e-01
   6.7540232e-01
   6.7060810e-01
   6.6579460e-01
   6.6096248e-01
   6.5611235e-01
   6.5124487e-01
   6.4636065e-01
   6.4146034e-01
   6.3654455e-01
   6.3161394e-01
   6.2666913e-01
   6.2171076e-01
   6.1673945e-01
   6.1175584e-01
   6.0676057e-01
   6.0175426e-01
   5.9673756e-01
   5.9171109e-01
   5.8667548e-01
   5.8163138e-01
   5.7657941e-01
   5.7152020e-01
   5.6645440e-01
   5.6138263e-01
   5.5630552e-01
   5.5122372e-01
   5.4613784e-01
   5.4104853e-01
   5.3595642e-01
   5.3086215e-01
   5.2576633e-01
   5.2066962e-01
   5.1557264e-01
   5.1047602e-01
   5.0538040e-01
   5.0028641e-01
   4.9519468e-01
   4.9010585e-01
   4.8502056e-01
   4.7993942e-01
   4.7486309e-01
   4.6979218e-01
   4.6472734e-01
   4.5966919e-01
   4.5461837e-01
   4.4957552e-01
   4.4454126e-01
   4.3951623e-01
   4.3450106e-01
   4.2949639e-01
   4.2450285e-01
   4.1952106e-01
   4.1455168e-01
   4.0959532e-01
   4.0465262e-01
   3.9972422e-01
   3.9481075e-01
   3.8991284e-01
   3.8503112e-01
   3.8016622e-01
   3.7531879e-01
   3.7048946e-01
   3.6567885e-01
   3.6088759e-01
   3.5611633e-01
   3.5136566e-01
   3.4663612e-01
   3.4192821e-01
   3.3724237e-01
   3.3257902e-01
   3.2793849e-01
   3.2332109e-01
   3.1872709e-01
   3.1415675e-01
   3.0961031e-01
   3.0508798e-01
   3.0058996e-01
   2.9611644e-01
   2.9166757e-01
   2.8724351e-01
   2.8284440e-01
   2.7847041e-01
   2.7412167e-01
   2.6979834e-01
   2.6550056e-01
   2.6122845e-01
   2.5698209e-01
   2.5276158e-01
   2.4856704e-01
   2.4439856e-01
   2.4025623e-01
   2.3614016e-01
   2.3205045e-01
   2.2798719e-01
   2.2395050e-01
   2.1994046e-01
   2.1595717e-01
   2.1200074e-01
   2.0807126e-01
   2.0416879e-01
   2.0029339e-01
   1.9644512e-01
   1.9262402e-01
   1.8883016e-01
   1.8506359e-01
   1.8132438e-01
   1.7761257e-01
   1.7392822e-01
   1.7027138e-01
   1.6664212e-01
   1.6304049e-01
   1.5946655e-01
   1.5592035e-01
   1.5240195e-01
   1.4891140e-01
   1.4544876e-01
   1.4201409e-01
   1.3860745e-01
   1.3522888e-01
   1.3187845e-01
   1.2855621e-01
   1.2526221e-01
   1.2199653e-01
   1.1875920e-01
   1.1555028e-01
   1.1236984e-01
   1.0921793e-01
   1.0609461e-01
   1.0299992e-01
   9.9933935e-02
   9.6896701e-02
   9.3888276e-02
   9.0908717e-02
   8.7958080e-02
   8.5036421e-02
   8.2143796e-02
   7.9280261e-02
   7.6445874e-02
   7.3640689e-02
   7.0864763e-02
   6.8118152e-02
   6.5400912e-02
   6.2713100e-02
   6.0054772e-02
   5.7425983e-02
   5.4826791e-02
   5.2257250e-02
   4.9717418e-02
   4.7207351e-02
   4.4727104e-02
   4.2276734e-02
   3.9856297e-02
   3.7465850e-02
   3.5105448e-02
   3.2775147e-02
   3.0475004e-02
   2.8205075e-02
   2.5965416e-02
   2.3756084e-02
   2.1577134e-02
   1.9428622e-02
   1.7310605e-02
   1.5223140e-02
   1.3166281e-02
   1.1140086e-02
   9.1446102e-03
   7.1799101e-03
   5.2460419e-03
   3.3430617e-03
   1.4710257e-03
   3.7000994e-04
   2.1799890e-03
   3.9588554e-03
   5.7065529e-03
   7.4230253e-03
   9.1082165e-03
   1.0762070e-02
   1.2384530e-02
   1.3975541e-02
   1.5535045e-02
   1.7062988e-02
   1.8559312e-02
   2.0023961e-02
   2.1456880e-02
   2.2858013e-02
   2.4227302e-02
   2.5564692e-02
   2.6870127e-02
   2.8143550e-02
   2.9384905e-02
   3.0594137e-02
   3.1771189e-02
   3.2916004e-02
   3.4028527e-02
   3.5108702e-02
   3.6156471e-02
   3.7171780e-02
   3.8154572e-02
   3.9104791e-02
   4.0022380e-02
   4.0907283e-02
   4.1759445e-02
   4.2578809e-02
   4.3365318e-02
   4.4118918e-02
   4.4839551e-02
   4.5527161e-02
   4.6181692e-02
   4.6803089e-02
   4.7391294e-02
   4.7946252e-02
   4.8467907e-02
   4.8956201e-02
   4.9411080e-02
   4.9832487e-02
   5.0220366e-02
   5.0574660e-02
   5.0895313e-02
   5.1182270e-02
   5.1435474e-02
   5.1654869e-02
   5.1840399e-02
   5.1992007e-02
   5.2109638e-02
   5.2193235e-02
   5.2242742e-02
   5.2258102e-02
   5.2239259e-02
   5.2186141e-02
   5.2098770e-02
   5.1977588e-02
   5.1823138e-02
   5.1635958e-02
   5.1416585e-02
   5.1165554e-02
   5.0883399e-02
   5.0570653e-02
   5.0227847e-02
   4.9855516e-02
   4.9454199e-02
   4.9024453e-02
   4.8566836e-02
   4.8081906e-02
   4.7570222e-02
   4.7032343e-02
   4.6468828e-02
   4.5880245e-02
   4.5267190e-02
   4.4630272e-02
   4.3970096e-02
   4.3287271e-02
   4.2582401e-02
   4.1856095e-02
   4.1108975e-02
   4.0341772e-02
   3.9555384e-02
   3.8750748e-02
   3.7928801e-02
   3.7090479e-02
   3.6236718e-02
   3.5368455e-02
   3.4486627e-02
   3.3592169e-02
   3.2686020e-02
   3.1769115e-02
   3.0842390e-02
   2.9906783e-02
   2.8963230e-02
   2.8012667e-02
   2.7056030e-02
   2.6094258e-02
   2.5128285e-02
   2.4159049e-02
   2.3187486e-02
   2.2214533e-02
   2.1241126e-02
   2.0268201e-02
   1.9296696e-02
   1.8327547e-02
   1.7361690e-02
   1.6400061e-02
   1.5443599e-02
   1.4493238e-02
   1.3549916e-02
   1.2614568e-02
   1.1688133e-02
   1.0771545e-02
   9.8657424e-03
   8.9716608e-03
   8.0902370e-03
   7.2224074e-03
   6.3691087e-03
   5.5312774e-03
   4.7098529e-03
   3.9057858e-03
   3.1200298e-03
   2.3535383e-03
   1.6072649e-03
   8.8216325e-04
   1.7918678e-04
   5.0071092e-04
   1.1565763e-03
   1.7874558e-03
   2.3925738e-03
   2.9718655e-03
   3.5254441e-03
   4.0534230e-03
   4.5559152e-03
   5.0330339e-03
   5.4848924e-03
   5.9116037e-03
   6.3132813e-03
   6.6900381e-03
   7.0419874e-03
   7.3692424e-03
   7.6719163e-03
   7.9501222e-03
   8.2040232e-03
   8.4339809e-03
   8.6404071e-03
   8.8237133e-03
   8.9843110e-03
   9.1226044e-03
   9.2389678e-03
   9.3337682e-03
   9.4073725e-03
   9.4601476e-03
   9.4924603e-03
   9.5045125e-03
   9.4958447e-03
   9.4658890e-03
   9.4143083e-03
   9.3408578e-03
   9.2453658e-03
   9.1277280e-03
   8.9879269e-03
   8.8261009e-03
   8.6426060e-03
   8.4380051e-03
   8.2132533e-03
   7.9700851e-03
   7.7104189e-03
   7.4361730e-03
   7.1492656e-03
   6.8516151e-03
   6.5451398e-03
   6.2317579e-03
   5.9133879e-03
   5.5920309e-03
   5.2700053e-03
   4.9496287e-03
   4.6330447e-03
   4.3221989e-03
   4.0189944e-03
   3.7252822e-03
   3.4426738e-03
   3.1726073e-03
   2.9164417e-03
   2.6752755e-03
   2.4498939e-03
   2.2409342e-03
   2.0487097e-03
   1.8732834e-03
   1.7140414e-03
   1.5701854e-03
   1.4408608e-03
   1.3252200e-03
   1.2224208e-03
   1.1316210e-03
   1.0519784e-03
   9.8265085e-04
   9.2279609e-04
   8.7172262e-04
   8.2936229e-04
   7.9593466e-04
   7.7186787e-04
   7.5751810e-04
   7.5287101e-04
   7.5668948e-04
   7.6743309e-04
   7.8356138e-04
   8.0353394e-04
   8.2581033e-04
   8.4875021e-04
   8.7062270e-04
   8.9083313e-04
   9.0909591e-04
   9.2512544e-04
   9.3863610e-04
   9.4961602e-04
   9.5900359e-04
   9.6743229e-04
   9.7539095e-04
   9.8336837e-04
   9.9185340e-04
   1.0013349e-03
   1.0120317e-03
   1.0231154e-03
   1.0336158e-03
   1.0425945e-03
   1.0491132e-03
   1.0522338e-03
   1.0510179e-03
   1.0447662e-03
   1.0337355e-03
   1.0184216e-03
   9.9932025e-04
   9.7692719e-04
   9.5173821e-04
   9.2424906e-04
   8.9495552e-04
   8.6434154e-04
   8.3284392e-04
   8.0090375e-04
   7.6902663e-04
   7.3773425e-04
   7.0754831e-04
   6.7899051e-04
   6.5251742e-04
   6.2832512e-04
   6.0652487e-04
   5.8714904e-04
   5.7021032e-04
   5.5572137e-04
   5.4369488e-04
   5.3414352e-04
   5.2707996e-04
   5.2251689e-04
   5.2046697e-04
   5.2090551e-04
   5.2366467e-04
   5.2856442e-04
   5.3543104e-04
   5.4409081e-04
   5.5437002e-04
   5.6609493e-04
   5.7909183e-04
   5.9318700e-04
   6.0820672e-04
   6.2397726e-04
   6.4032490e-04
   6.5707593e-04
   6.7405663e-04
   6.9109326e-04
   7.0801212e-04
   7.2463947e-04
   7.4079473e-04
   7.5623175e-04
   7.7056213e-04
   7.8342722e-04
   7.9448532e-04
   8.0339472e-04
   8.0981372e-04
   8.1340061e-04
   8.1381369e-04
   8.1083372e-04
   8.0473127e-04
   7.9589939e-04
   7.8473112e-04
   7.7161949e-04
   7.5695755e-04
   7.4113834e-04
   7.2455490e-04
   7.0760027e-04
   6.9066749e-04
   6.7414617e-04
   6.5837393e-04
   6.4353178e-04
   6.2976248e-04
   6.1720876e-04
   6.0601337e-04
   5.9631904e-04
   5.8826851e-04
   5.8200454e-04
   5.7766985e-04
   5.7540719e-04
   5.7528223e-04
   5.7705239e-04
   5.8039801e-04
   5.8499944e-04
   5.9053703e-04
   5.9669112e-04
   6.0314207e-04
   6.0957021e-04
   6.1565589e-04
   6.2107947e-04
   6.2559009e-04
   6.2921397e-04
   6.3205383e-04
   6.3421427e-04
   6.3579992e-04
   6.3691538e-04
   6.3766527e-04
   6.3815420e-04
   6.3848679e-04
   6.3876765e-04
   6.3910139e-04
   6.3959264e-04
   6.4034600e-04
   6.4146608e-04
   6.4305751e-04
   6.4522489e-04
   6.4807285e-04
   6.5170599e-04
   6.5622892e-04
   6.6174627e-04
   6.6836265e-04
   6.7618267e-04
   6.8530897e-04
   6.9577863e-04
   7.0739588e-04
   7.1990721e-04
   7.3305915e-04
   7.4659820e-04
   7.6027088e-04
   7.7382368e-04
   7.8700313e-04
   7.9955574e-04
   8.1122800e-04
   8.2176644e-04
   8.3091756e-04
   8.3842788e-04
   8.4404390e-04
   8.4751213e-04
   8.4857909e-04
   8.4702233e-04
   8.4276092e-04
   8.3584188e-04
   8.2644079e-04
   8.1476110e-04
   8.0100621e-04
   7.8537954e-04
   7.6808454e-04
   7.4932460e-04
   7.2930316e-04
   7.0822365e-04
   6.8628947e-04
   6.6370407e-04
   6.4076339e-04
   6.1813363e-04
   5.9657351e-04
   5.7684173e-04
   5.5969704e-04
   5.4589814e-04
   5.3620376e-04
   5.3117621e-04
   5.3059207e-04
   5.3403152e-04
   5.4107474e-04
   5.5130190e-04
   5.6429317e-04
   5.7962872e-04
   5.9688873e-04
   6.1565338e-04
   6.3549288e-04
   6.5593840e-04
   6.7651410e-04
   6.9674493e-04
   7.1615578e-04
   7.3427159e-04
   7.5061727e-04
   7.6471775e-04
   7.7609794e-04
   7.8439922e-04
   7.8972875e-04
   7.9231015e-04
   7.9236702e-04
   7.9012299e-04
   7.8580166e-04
   7.7962666e-04
   7.7182160e-04
   7.6261009e-04
   7.5221574e-04
   7.4086217e-04
   7.2876132e-04
   7.1607833e-04
   7.0296671e-04
   6.8957992e-04
   6.7607145e-04
   6.6259478e-04
   6.4930338e-04
   6.3635075e-04
   6.2389036e-04
   6.1207569e-04
   6.0106023e-04
   5.9099745e-04
   5.8204083e-04
   5.7434385e-04
   5.6806001e-04
   5.6334277e-04
   5.6034561e-04
   5.5922203e-04
   5.6012549e-04
   5.6320948e-04
   5.6862748e-04
   5.7653297e-04
   5.8707923e-04
   6.0036728e-04
   6.1629245e-04
   6.3469865e-04
   6.5542980e-04
   6.7832984e-04
   7.0324267e-04
   7.3001223e-04
   7.5848243e-04
   7.8849720e-04
   8.1987012e-04
   8.5222643e-04
   8.8489339e-04
   9.1713138e-04
   9.4820073e-04
   9.7736181e-04
   1.0038750e-03
   1.0270006e-03
   1.0459990e-03
   1.0602779e-03
   1.0698340e-03
   1.0748115e-03
   1.0753546e-03
   1.0716073e-03
   1.0637138e-03
   1.0518182e-03
   1.0360646e-03
   1.0165972e-03
   9.9367244e-04
   9.6799636e-04
   9.4038735e-04
   9.1166383e-04
   8.8264420e-04
   8.5414686e-04
   8.2699021e-04
   8.0199266e-04
   7.7983903e-04
   7.6063819e-04
   7.4419895e-04
   7.3028851e-04
   7.1867405e-04
   7.0912276e-04
   7.0140183e-04
   6.9527845e-04
   6.9051982e-04
   6.8689312e-04
   6.8416554e-04
   6.8210427e-04
   6.8048201e-04
   6.7909976e-04
   6.7777667e-04
   6.7629985e-04
   6.7448720e-04
   6.7216740e-04
   6.6916914e-04
   6.6532111e-04
   6.6045200e-04
   6.5439048e-04
   6.4696524e-04
   6.3800497e-04
   6.2733836e-04
   6.1479409e-04
   6.0020084e-04
   5.8338730e-04
   5.6420613e-04
   5.4260590e-04
   5.1860355e-04
   4.9245633e-04
   4.6475830e-04
   4.3633157e-04
   4.0803955e-04
   3.8074568e-04
   3.5531337e-04
   3.3260605e-04
   3.1348713e-04
   2.9882006e-04
   2.8946824e-04
   2.8629509e-04
   2.9016406e-04
   3.0193854e-04
   3.2238301e-04
   3.5158181e-04
   3.8838353e-04
   4.3135250e-04
   4.7905311e-04
   5.3004970e-04
   5.8290663e-04
   6.3620039e-04
   6.8854084e-04
   7.3848962e-04
   7.8449272e-04
   8.2469179e-04
   8.5792089e-04
   8.8471298e-04
   9.0600120e-04
   9.2271869e-04
   9.3579859e-04
   9.4616632e-04
   9.5460135e-04
   9.6141528e-04
   9.6680466e-04
   9.7096606e-04
   9.7409603e-04
   9.7639113e-04
   9.7804792e-04
   9.7926295e-04
   9.8016285e-04
   9.8059099e-04
   9.8030685e-04
   9.7906640e-04
   9.7662562e-04
   9.7274049e-04
   9.6716700e-04
   9.5966113e-04
   9.4997885e-04
   9.3787614e-04
   9.2310900e-04
   9.0542139e-04
   8.8467579e-04
   8.6138856e-04
   8.3624253e-04
   8.0992054e-04
   7.8310542e-04
   7.5648000e-04
   7.3072712e-04
   7.0652960e-04
   6.8457028e-04
   6.6553200e-04
   6.4995062e-04
   6.3777415e-04
   6.2880366e-04
   6.2284019e-04
   6.1968480e-04
   6.1913854e-04
   6.2100245e-04
   6.2507760e-04
   6.3116504e-04
   6.3906582e-04
   6.4858098e-04
   6.5951159e-04
   6.7164960e-04
   6.8475059e-04
   6.9856105e-04
   7.1282745e-04
   7.2729628e-04
   7.4171403e-04
   7.5582717e-04
   7.6938220e-04
   7.8212559e-04
   7.9380383e-04
   8.0416340e-04
   8.1297897e-04
   8.2016699e-04
   8.2578815e-04
   8.2993221e-04
   8.3268890e-04
   8.3414797e-04
   8.3439914e-04
   8.3353217e-04
   8.3163679e-04
   8.2880274e-04
   8.2511976e-04
   8.2067759e-04
   8.1556597e-04
   8.0987463e-04
   8.0369333e-04
   7.9711180e-04
   7.9021977e-04
   7.8310699e-04
   7.7586320e-04
   7.6857813e-04
   7.6134153e-04
   7.5424314e-04
   7.4737269e-04
   7.4081993e-04
   7.3467459e-04
   7.2902642e-04
   7.2395814e-04
   7.1949896e-04
   7.1556916e-04
   7.1206353e-04
   7.0887685e-04
   7.0590392e-04
   7.0303952e-04
   7.0017846e-04
   6.9721551e-04
   6.9404547e-04
   6.9056313e-04
   6.8666328e-04
   6.8224070e-04
   6.7719020e-04
   6.7140655e-04
   6.6478456e-04
   6.5721900e-04
   6.4866395e-04
   6.3930861e-04
   6.2939392e-04
   6.1915893e-04
   6.0884267e-04
   5.9868420e-04
   5.8892254e-04
   5.7979676e-04
   5.7154588e-04
   5.6440895e-04
   5.5862502e-04
   5.5443312e-04
   5.5207230e-04
   5.5178160e-04
   5.5376050e-04
   5.5801728e-04
   5.6438908e-04
   5.7268015e-04
   5.8269474e-04
   5.9423709e-04
   6.0711146e-04
   6.2112208e-04
   6.3607321e-04
   6.5176909e-04
   6.6801397e-04
   6.8461209e-04
   7.0137203e-04
   7.1807375e-04
   7.3431818e-04
   7.4966040e-04
   7.6365550e-04
   7.7585857e-04
   7.8582468e-04
   7.9310893e-04
   7.9726640e-04
   7.9785216e-04
   7.9442132e-04
   7.8673952e-04
   7.7541475e-04
   7.6126556e-04
   7.4511052e-04
   7.2776817e-04
   7.1005707e-04
   6.9279579e-04
   6.7680287e-04
   6.6289688e-04
   6.5189636e-04
   6.4441124e-04
   6.4021686e-04
   6.3887994e-04
   6.3996717e-04
   6.4304528e-04
   6.4768096e-04
   6.5344092e-04
   6.5989188e-04
   6.6660054e-04
   6.7311292e-04
   6.7889229e-04
   6.8338125e-04
   6.8602237e-04
   6.8625825e-04
   6.8353147e-04
   6.7728462e-04
   6.6732591e-04
   6.5495183e-04
   6.4192755e-04
   6.3004397e-04
   6.2109202e-04
   6.1686261e-04
   6.1899188e-04
   6.2840444e-04
   6.4536879e-04
   6.6953386e-04
   7.0038703e-04
   7.3729695e-04
   7.7944409e-04
   8.2537526e-04
   8.7347879e-04
   9.2214306e-04
   9.6975641e-04
   1.0147072e-03
   1.0553838e-03
   1.0901745e-03
   1.1175828e-03
   1.1366882e-03
   1.1472990e-03
   1.1499393e-03
   1.1452834e-03
   1.1340053e-03
   1.1167792e-03
   1.0942791e-03
   1.0671793e-03
   1.0361537e-03
   1.0018766e-03
   9.6502205e-04
   9.2626417e-04
   8.8623339e-04
   8.4539187e-04
   8.0418449e-04
   7.6306272e-04
   7.2251829e-04
   6.8320396e-04
   6.4574753e-04
   6.1051592e-04
   5.7781082e-04
   5.4793392e-04
   5.2111712e-04
   4.9731317e-04
   4.7640503e-04
   4.5827565e-04
   4.4280800e-04
   4.2988503e-04
   4.1938970e-04
   4.1120496e-04
   4.0521379e-04
   4.0129913e-04
   3.9934208e-04
   3.9921708e-04
   4.0079973e-04
   4.0396642e-04
   4.0859352e-04
   4.1455741e-04
   4.2173446e-04
   4.3000106e-04
   4.3923359e-04
   4.4930842e-04
   4.6010192e-04
   4.7149049e-04
   4.8335048e-04
   4.9555830e-04
   5.0799030e-04
   5.2052287e-04
   5.3303238e-04
   5.4539522e-04
   5.5749569e-04
   5.6925767e-04
   5.8064430e-04
   5.9162503e-04
   6.0216897e-04
   6.1224519e-04
   6.2183249e-04
   6.3094850e-04
   6.3962056e-04
   6.4787602e-04
   6.5574222e-04
   6.6324649e-04
   6.7041618e-04
   6.7727863e-04
   6.8386119e-04
   6.9019118e-04
   6.9629596e-04
   7.0220287e-04
   7.0793924e-04
   7.1353242e-04
   7.1900975e-04
   7.2439857e-04
   7.2972622e-04
   7.3503091e-04
   7.4038526e-04
   7.4581411e-04
   7.5124502e-04
   7.5658773e-04
   7.6175314e-04
   7.6665212e-04
   7.7119557e-04
   7.7529437e-04
   7.7885941e-04
   7.8180158e-04
   7.8403175e-04
   7.8546083e-04
   7.8599969e-04
   7.8555922e-04
   7.8405032e-04
   7.8138385e-04
   7.7747072e-04
   7.7221734e-04
   7.6555261e-04
   7.5756247e-04
   7.4837323e-04
   7.3811120e-04
   7.2690269e-04
   7.1487400e-04
   7.0215146e-04
   6.8886135e-04
   6.7513001e-04
   6.6108373e-04
   6.4684883e-04
   6.3255161e-04
   6.1831838e-04
   6.0426935e-04
   5.9051173e-04
   5.7719261e-04
   5.6447054e-04
   5.5250866e-04
   5.4148848e-04
   5.3159609e-04
   5.2299981e-04
   5.1579702e-04
   5.1006737e-04
   5.0587531e-04
   5.0319154e-04
   5.0183907e-04
   5.0160776e-04
   5.0228676e-04
   5.0365803e-04
   5.0547662e-04
   5.0748467e-04
   5.0953065e-04
