   2.6703727e-01
   2.7114392e-01
   2.7505692e-01
   2.7877214e-01
   2.8228547e-01
   2.8559282e-01
   2.8869006e-01
   2.9157309e-01
   2.9423780e-01
   2.9668007e-01
   2.9889581e-01
   3.0088089e-01
   3.0263121e-01
   3.0414266e-01
   3.0541113e-01
   3.0643250e-01
   3.0720267e-01
   3.0771753e-01
   3.0797297e-01
   3.0796488e-01
   3.0768915e-01
   3.0714166e-01
   3.0631831e-01
   3.0521499e-01
   3.0382824e-01
   3.0215851e-01
   3.0021224e-01
   2.9799719e-01
   2.9552111e-01
   2.9279178e-01
   2.8981696e-01
   2.8660441e-01
   2.8316188e-01
   2.7949716e-01
   2.7561799e-01
   2.7153215e-01
   2.6724739e-01
   2.6277147e-01
   2.5811217e-01
   2.5327724e-01
   2.4827444e-01
   2.4311154e-01
   2.3779631e-01
   2.3233649e-01
   2.2673987e-01
   2.2101419e-01
   2.1516723e-01
   2.0920674e-01
   2.0314050e-01
   1.9697625e-01
   1.9072177e-01
   1.8438481e-01
   1.7797315e-01
   1.7149454e-01
   1.6495674e-01
   1.5836752e-01
   1.5173465e-01
   1.4506588e-01
   1.3836897e-01
   1.3165170e-01
   1.2492182e-01
   1.1818709e-01
   1.1145494e-01
   1.0473118e-01
   9.8020501e-02
   9.1327120e-02
   8.4655176e-02
   7.8008798e-02
   7.1392115e-02
   6.4809252e-02
   5.8264336e-02
   5.1761494e-02
   4.5304853e-02
   3.8898540e-02
   3.2546681e-02
   2.6253403e-02
   2.0022833e-02
   1.3859097e-02
   7.7663237e-03
   1.7486382e-03
   4.1898322e-03
   1.0044961e-02
   1.5812621e-02
   2.1488685e-02
   2.7069027e-02
   3.2549521e-02
   3.7926038e-02
   4.3194453e-02
   4.8350638e-02
   5.3390468e-02
   5.8309814e-02
   6.3104551e-02
   6.7770551e-02
   7.2303687e-02
   7.6699834e-02
   8.0954864e-02
   8.5064650e-02
   8.9025066e-02
   9.2831984e-02
   9.6481279e-02
   9.9968822e-02
   1.0329049e-01
   1.0644215e-01
   1.0941968e-01
   1.1221895e-01
   1.1483584e-01
   1.1726622e-01
   1.1950595e-01
   1.2155093e-01
   1.2339755e-01
   1.2504439e-01
   1.2649140e-01
   1.2774189e-01
   1.2880001e-01
   1.2966992e-01
   1.3035576e-01
   1.3086169e-01
   1.3119186e-01
   1.3135042e-01
   1.3134152e-01
   1.3116931e-01
   1.3083795e-01
   1.3035158e-01
   1.2971436e-01
   1.2893044e-01
   1.2800397e-01
   1.2693909e-01
   1.2573997e-01
   1.2441076e-01
   1.2295560e-01
   1.2137865e-01
   1.1968405e-01
   1.1787597e-01
   1.1595855e-01
   1.1393593e-01
   1.1181229e-01
   1.0959176e-01
   1.0727849e-01
   1.0487665e-01
   1.0239037e-01
   9.9823814e-02
   9.7181131e-02
   9.4466473e-02
   9.1683989e-02
   8.8837832e-02
   8.5932154e-02
   8.2971105e-02
   7.9958837e-02
   7.6899501e-02
   7.3797250e-02
   7.0656234e-02
   6.7480604e-02
   6.4274513e-02
   6.1042111e-02
   5.7787551e-02
   5.4514982e-02
   5.1228558e-02
   4.7932429e-02
   4.4630747e-02
   4.1327662e-02
   3.8027327e-02
   3.4733894e-02
   3.1451512e-02
   2.8184334e-02
   2.4936512e-02
   2.1712196e-02
   1.8515538e-02
   1.5350690e-02
   1.2221803e-02
   9.1330277e-03
   6.0885164e-03
   3.0924202e-03
   1.4888357e-04
   2.7379776e-03
   5.5640545e-03
   8.3253488e-03
   1.1018304e-02
   1.3639582e-02
   1.6186363e-02
   1.8656725e-02
   2.1050538e-02
   2.3368097e-02
   2.5609696e-02
   2.7775631e-02
   2.9866196e-02
   3.1881685e-02
   3.3822395e-02
   3.5688619e-02
   3.7480652e-02
   3.9198790e-02
   4.0843327e-02
   4.2414557e-02
   4.3912777e-02
   4.5338279e-02
   4.6691360e-02
   4.7972315e-02
   4.9181437e-02
   5.0319022e-02
   5.1385364e-02
   5.2380759e-02
   5.3305501e-02
   5.4159886e-02
   5.4944207e-02
   5.5658759e-02
   5.6303838e-02
   5.6879739e-02
   5.7386755e-02
   5.7825183e-02
   5.8195316e-02
   5.8497450e-02
   5.8731879e-02
   5.8898899e-02
   5.8998803e-02
   5.9031887e-02
   5.8998446e-02
   5.8898774e-02
   5.8733167e-02
   5.8501919e-02
   5.8205324e-02
   5.7843679e-02
   5.7417276e-02
   5.6926413e-02
   5.6371382e-02
   5.5752479e-02
   5.5070000e-02
   5.4324237e-02
   5.3515488e-02
   5.2644045e-02
   5.1710205e-02
   5.0714261e-02
   4.9656951e-02
   4.8540677e-02
   4.7367870e-02
   4.6140861e-02
   4.4861977e-02
   4.3533549e-02
   4.2157905e-02
   4.0737375e-02
   3.9274287e-02
   3.7770972e-02
   3.6229759e-02
   3.4652976e-02
   3.3042953e-02
   3.1402019e-02
   2.9732503e-02
   2.8036735e-02
   2.6317043e-02
   2.4575757e-02
   2.2815207e-02
   2.1037721e-02
   1.9245628e-02
   1.7441259e-02
   1.5626941e-02
   1.3805005e-02
   1.1977779e-02
   1.0147593e-02
   8.3167752e-03
   6.4876561e-03
   4.6625643e-03
   2.8438290e-03
   1.0337796e-03
   7.6525484e-04
   2.5509450e-03
   4.3209618e-03
   6.0729759e-03
   7.8046581e-03
   9.5136791e-03
   1.1197710e-02
   1.2854421e-02
   1.4481484e-02
   1.6076568e-02
   1.7637345e-02
   1.9161486e-02
   2.0646661e-02
   2.2090541e-02
   2.3490798e-02
   2.4845101e-02
   2.6151121e-02
   2.7406671e-02
   2.8610265e-02
   2.9761215e-02
   3.0859450e-02
   3.1905415e-02
   3.2899765e-02
   3.3843179e-02
   3.4736338e-02
   3.5579924e-02
   3.6374617e-02
   3.7121098e-02
   3.7820048e-02
   3.8472147e-02
   3.9078077e-02
   3.9638518e-02
   4.0154151e-02
   4.0625656e-02
   4.1053715e-02
   4.1439009e-02
   4.1782217e-02
   4.2084022e-02
   4.2345103e-02
   4.2566141e-02
   4.2747818e-02
   4.2890814e-02
   4.2995810e-02
   4.3063487e-02
   4.3094525e-02
   4.3089606e-02
   4.3049409e-02
   4.2974616e-02
   4.2865908e-02
   4.2723966e-02
   4.2549470e-02
   4.2343101e-02
   4.2105539e-02
   4.1837467e-02
   4.1539563e-02
   4.1212510e-02
   4.0856988e-02
   4.0473678e-02
   4.0063261e-02
   3.9626417e-02
   3.9163827e-02
   3.8676172e-02
   3.8164133e-02
   3.7628391e-02
   3.7069626e-02
   3.6488519e-02
   3.5885751e-02
   3.5262003e-02
   3.4617956e-02
   3.3954289e-02
   3.3271686e-02
   3.2570825e-02
   3.1852388e-02
   3.1117055e-02
   3.0365508e-02
   2.9598427e-02
   2.8816493e-02
   2.8020386e-02
   2.7210789e-02
   2.6388380e-02
   2.5553842e-02
   2.4707854e-02
   2.3851099e-02
   2.2984256e-02
   2.2108006e-02
   2.1223030e-02
   2.0330009e-02
   1.9429624e-02
   1.8522556e-02
   1.7609468e-02
   1.6690930e-02
   1.5767369e-02
   1.4839121e-02
   1.3906423e-02
   1.2969479e-02
   1.2028571e-02
   1.1084493e-02
   1.0138374e-02
   9.1913944e-03
   8.2447357e-03
   7.2995790e-03
   6.3571054e-03
   5.4184961e-03
   4.4849323e-03
   3.5575951e-03
   2.6376656e-03
   1.7263251e-03
   8.2475467e-04
   6.5864486e-05
   9.4435122e-04
   1.8095244e-03
   2.6602028e-03
   3.4952053e-03
   4.3133507e-03
   5.1134579e-03
   5.8943457e-03
   6.6548329e-03
   7.3937384e-03
   8.1098811e-03
   8.8020797e-03
   9.4691531e-03
   1.0109920e-02
   1.0723200e-02
   1.1307810e-02
   1.1862571e-02
   1.2386301e-02
   1.2877819e-02
   1.3335944e-02
   1.3759494e-02
   1.4147288e-02
   1.4498145e-02
   1.4810885e-02
   1.5084325e-02
   1.5317285e-02
   1.5508584e-02
   1.5657040e-02
   1.5761472e-02
   1.5820699e-02
   1.5833540e-02
   1.5798814e-02
   1.5715339e-02
   1.5581935e-02
   1.5397420e-02
   1.5160641e-02
   1.4870596e-02
   1.4526519e-02
   1.4128027e-02
   1.3675711e-02
   1.3172373e-02
   1.2623919e-02
   1.2036946e-02
   1.1418052e-02
   1.0773834e-02
   1.0110889e-02
   9.4358151e-03
   8.7551852e-03
   8.0754788e-03
   7.4029062e-03
   6.7426959e-03
   6.0995250e-03
   5.4764871e-03
   4.8747097e-03
   4.2940653e-03
   3.7342021e-03
   3.1947684e-03
   2.6752960e-03
   2.1748495e-03
   1.6923768e-03
   1.2271042e-03
   7.7937190e-04
   3.4991931e-04
   6.0026280e-05
   4.4910098e-04
   8.1615917e-04
   1.1609440e-03
   1.4834208e-03
   1.7836154e-03
   2.0618209e-03
   2.3184931e-03
   2.5541132e-03
   2.7691625e-03
   2.9641221e-03
   3.1393271e-03
   3.2945293e-03
   3.4294561e-03
   3.5441639e-03
   3.6385882e-03
   3.7137253e-03
   3.7709772e-03
   3.8118155e-03
   3.8377583e-03
   3.8503684e-03
   3.8512546e-03
   3.8421439e-03
   3.8248375e-03
   3.8011067e-03
   3.7725551e-03
   3.7407443e-03
   3.7071269e-03
   3.6725941e-03
   3.6374551e-03
   3.6020276e-03
   3.5665183e-03
   3.5306270e-03
   3.4939201e-03
   3.4559319e-03
   3.4161891e-03
   3.3742865e-03
   3.3300921e-03
   3.2835771e-03
   3.2348015e-03
   3.1836556e-03
   3.1299787e-03
   3.0736703e-03
   3.0148473e-03
   2.9536160e-03
   2.8901339e-03
   2.8245774e-03
   2.7571230e-03
   2.6879468e-03
   2.6172443e-03
   2.5452818e-03
   2.4723224e-03
   2.3986233e-03
   2.3244421e-03
   2.2500361e-03
   2.1756627e-03
   2.1015794e-03
   2.0280181e-03
   1.9551167e-03
   1.8829835e-03
   1.8116112e-03
   1.7409622e-03
   1.6709986e-03
   1.6016828e-03
   1.5329770e-03
   1.4648435e-03
   1.3972613e-03
   1.3302837e-03
   1.2640120e-03
   1.1985549e-03
   1.1340212e-03
   1.0705197e-03
   1.0081593e-03
   9.4704880e-04
   8.8729698e-04
   8.2901267e-04
   7.7230468e-04
   7.1729180e-04
   6.6410693e-04
   6.1279020e-04
   5.6335607e-04
   5.1581895e-04
   4.7019330e-04
   4.2649355e-04
   3.8473414e-04
   3.4492951e-04
   3.0709409e-04
   2.7125065e-04
   2.3743574e-04
   2.0561438e-04
   1.7572465e-04
   1.4770278e-04
   1.2148499e-04
   9.7005976e-05
   7.4190446e-05
   5.2918707e-05
   3.2957599e-05
   1.4082239e-05
   3.7911317e-06
   2.0716934e-05
   3.6751175e-05
   5.1949864e-05
   6.6369008e-05
   8.0064616e-05
   9.3090996e-05
   1.0545730e-04
   1.1701901e-04
   1.2759907e-04
   1.3702189e-04
   1.4511190e-04
   1.5169350e-04
   1.5659112e-04
   1.5962917e-04
   1.6070351e-04
   1.5999574e-04
   1.5775891e-04
   1.5424608e-04
   1.4971029e-04
   1.4440459e-04
   1.3858203e-04
   1.3248218e-04
   1.2629331e-04
   1.2020092e-04
   1.1439313e-04
   1.0905811e-04
   1.0438400e-04
   1.0055895e-04
   9.7771101e-05
   9.6151695e-05
   9.5604310e-05
   9.5975611e-05
   9.7112266e-05
   9.8860940e-05
   1.0106830e-04
   1.0358101e-04
   1.0624574e-04
   1.0892610e-04
   1.1155345e-04
   1.1407610e-04
   1.1644236e-04
   1.1860055e-04
   1.2049897e-04
   1.2208593e-04
   1.2331528e-04
   1.2417153e-04
   1.2467898e-04
   1.2487051e-04
   1.2477897e-04
   1.2443723e-04
   1.2387816e-04
   1.2313462e-04
   1.2223948e-04
   1.2122560e-04
   1.2012584e-04
   1.1897308e-04
   1.1780017e-04
   1.1663998e-04
   1.1552538e-04
   1.1448394e-04
   1.1351384e-04
   1.1257811e-04
   1.1164404e-04
   1.1068200e-04
   1.0966237e-04
   1.0855556e-04
   1.0732662e-04
   1.0594399e-04
   1.0446932e-04
   1.0298888e-04
   1.0158895e-04
   1.0035579e-04
   9.9373339e-05
   9.8701612e-05
   9.8340444e-05
   9.8275209e-05
   9.8491278e-05
   9.8974024e-05
   9.9708820e-05
   1.0067828e-04
   1.0182483e-04
   1.0297797e-04
   1.0396419e-04
   1.0461654e-04
   1.0476807e-04
   1.0425181e-04
   1.0290080e-04
   1.0057568e-04
   9.7318499e-05
   9.3483379e-05
   8.9495562e-05
   8.5780287e-05
   8.2762793e-05
   8.0868320e-05
   8.0476811e-05
   8.1738266e-05
   8.4562372e-05
   8.8810063e-05
   9.4342273e-05
   1.0101993e-04
   1.0870398e-04
   1.1725534e-04
   1.2653496e-04
   1.3632787e-04
   1.4610663e-04
   1.5523243e-04
   1.6305758e-04
   1.6893440e-04
   1.7221520e-04
   1.7225228e-04
   1.6865049e-04
   1.6202476e-04
   1.5324252e-04
   1.4317123e-04
   1.3267835e-04
   1.2254965e-04
   1.1324163e-04
   1.0511893e-04
   9.8543647e-05
   9.3877862e-05
   9.1483664e-05
   9.1619320e-05
   9.4066507e-05
   9.8257893e-05
   1.0356485e-04
   1.0935873e-04
   1.1501092e-04
   1.1994767e-04
   1.2388864e-04
   1.2690377e-04
   1.2913684e-04
   1.3073166e-04
   1.3183200e-04
   1.3255336e-04
   1.3291933e-04
   1.3301035e-04
   1.3292816e-04
   1.3277452e-04
   1.3264105e-04
   1.3256964e-04
   1.3255524e-04
   1.3258357e-04
   1.3264037e-04
   1.3271134e-04
   1.3278223e-04
   1.3284830e-04
   1.3293414e-04
   1.3303828e-04
   1.3315032e-04
   1.3325990e-04
   1.3335662e-04
   1.3343012e-04
   1.3347000e-04
   1.3346099e-04
   1.3336826e-04
   1.3315206e-04
   1.3277267e-04
   1.3219035e-04
   1.3136537e-04
   1.3025799e-04
   1.2883411e-04
   1.2709699e-04
   1.2511509e-04
   1.2297173e-04
   1.2075025e-04
   1.1853398e-04
   1.1640625e-04
   1.1445039e-04
   1.1274973e-04
   1.1138762e-04
   1.1042678e-04
   1.0984755e-04
   1.0960968e-04
   1.0967292e-04
   1.0999701e-04
   1.1054169e-04
   1.1126671e-04
   1.1213182e-04
   1.1309676e-04
   1.1412128e-04
   1.1516511e-04
   1.1617982e-04
   1.1709328e-04
   1.1786160e-04
   1.1845000e-04
   1.1882369e-04
   1.1894790e-04
   1.1878784e-04
   1.1830873e-04
   1.1747579e-04
   1.1625422e-04
   1.1460926e-04
   1.1250611e-04
   1.0991000e-04
   1.0678614e-04
   1.0309974e-04
   9.8839148e-05
   9.4092194e-05
   8.8997914e-05
   8.3706785e-05
   7.8386958e-05
   7.3211007e-05
   6.8351504e-05
   6.3981019e-05
   6.0272126e-05
   5.7397395e-05
   5.5487766e-05
   5.4525417e-05
   5.4521986e-05
   5.5506884e-05
   5.7509523e-05
   6.0559314e-05
   6.4685669e-05
   6.9917999e-05
   7.6222529e-05
   8.3239235e-05
   9.0250893e-05
   9.6466776e-05
   1.0109616e-04
   1.0337640e-04
   1.0283924e-04
   9.9772543e-05
   9.4646219e-05
   8.7930161e-05
   8.0291883e-05
   7.3189359e-05
   6.8278177e-05
   6.7006554e-05
   6.9821391e-05
   7.6274926e-05
   8.5747580e-05
   9.7619423e-05
   1.1127335e-04
   1.2607177e-04
   1.4123340e-04
   1.5593997e-04
   1.6937320e-04
   1.8071482e-04
   1.8914657e-04
   1.9385017e-04
   1.9410900e-04
   1.8981015e-04
   1.8173079e-04
   1.7084517e-04
   1.5812754e-04
   1.4455217e-04
   1.3109330e-04
   1.1872521e-04
   1.0834234e-04
   1.0040375e-04
   9.4813327e-05
   9.1316655e-05
   8.9648826e-05
   8.9544929e-05
   9.0740053e-05
   9.2969287e-05
   9.5973227e-05
   9.9516083e-05
   1.0330560e-04
   1.0677791e-04
   1.0930087e-04
   1.1025482e-04
   1.0933344e-04
   1.0729671e-04
   1.0516806e-04
   1.0381844e-04
   1.0349962e-04
   1.0427429e-04
   1.0619599e-04
   1.0931824e-04
   1.1361794e-04
   1.1876535e-04
   1.2435408e-04
   1.2997775e-04
   1.3522996e-04
   1.3970433e-04
   1.4299447e-04
   1.4479885e-04
   1.4523980e-04
   1.4456225e-04
   1.4301559e-04
   1.4084918e-04
   1.3831240e-04
   1.3565462e-04
   1.3312523e-04
   1.3097359e-04
   1.2944909e-04
   1.2880108e-04
   1.2921691e-04
   1.3062610e-04
   1.3285772e-04
   1.3573128e-04
   1.3906625e-04
   1.4268213e-04
   1.4639839e-04
   1.5003453e-04
   1.5341003e-04
   1.5637125e-04
   1.5887425e-04
   1.6091083e-04
   1.6247498e-04
   1.6356072e-04
   1.6416204e-04
   1.6427296e-04
   1.6388749e-04
   1.6299962e-04
   1.6161614e-04
   1.5979492e-04
   1.5760662e-04
   1.5512189e-04
   1.5241137e-04
   1.4954571e-04
   1.4659558e-04
   1.4363771e-04
   1.4076082e-04
   1.3801001e-04
   1.3541793e-04
   1.3301725e-04
   1.3084064e-04
   1.2892074e-04
   1.2729023e-04
   1.2598325e-04
   1.2503985e-04
   1.2450157e-04
   1.2440994e-04
   1.2480651e-04
   1.2573279e-04
   1.2723033e-04
   1.2929850e-04
   1.3175953e-04
   1.3435988e-04
   1.3683760e-04
   1.3893072e-04
   1.4040297e-04
   1.4112074e-04
   1.4097611e-04
   1.3986115e-04
   1.3771426e-04
   1.3465674e-04
   1.3084645e-04
   1.2643883e-04
   1.2158930e-04
   1.1648505e-04
   1.1145732e-04
   1.0689987e-04
   1.0307821e-04
   1.0023655e-04
   9.8623074e-05
   9.8485978e-05
   1.0007346e-04
   1.0357453e-04
   1.0886731e-04
   1.1547393e-04
   1.2284236e-04
   1.3042053e-04
   1.3765641e-04
   1.4399794e-04
   1.4895367e-04
   1.5230714e-04
   1.5403308e-04
   1.5413886e-04
   1.5263186e-04
   1.4961842e-04
   1.4560075e-04
   1.4118002e-04
   1.3695741e-04
   1.3350779e-04
   1.3120106e-04
   1.2998149e-04
   1.2969353e-04
   1.3018164e-04
   1.3129028e-04
   1.3286391e-04
   1.3475004e-04
   1.3680844e-04
   1.3890194e-04
   1.4089337e-04
   1.4264556e-04
   1.4402134e-04
   1.4493032e-04
   1.4546349e-04
   1.4573597e-04
   1.4585719e-04
   1.4593657e-04
   1.4608356e-04
   1.4640757e-04
   1.4701805e-04
   1.4802442e-04
   1.4954156e-04
   1.5165241e-04
   1.5423052e-04
   1.5709569e-04
   1.6006774e-04
   1.6296652e-04
   1.6561182e-04
   1.6782348e-04
   1.6942132e-04
   1.7022516e-04
   1.7009267e-04
   1.6903296e-04
   1.6709299e-04
   1.6431971e-04
   1.6076008e-04
   1.5646105e-04
   1.5146959e-04
   1.4583264e-04
   1.3959717e-04
   1.3281014e-04
   1.2551849e-04
   1.1778254e-04
   1.0973249e-04
   1.0157208e-04
   9.3498730e-05
   8.5704160e-05
   7.8380079e-05
   7.1718200e-05
   6.5910238e-05
   6.1147905e-05
   5.7622916e-05
   5.5526982e-05
   5.5051817e-05
   5.6389134e-05
   5.9683144e-05
   6.4846149e-05
   7.1575382e-05
   7.9526185e-05
   8.8353902e-05
   9.7713872e-05
   1.0726144e-04
   1.1665195e-04
   1.2554073e-04
   1.3358754e-04
   1.4046971e-04
   1.4586898e-04
   1.4946709e-04
   1.5094578e-04
   1.4998678e-04
   1.4640569e-04
   1.4057496e-04
   1.3308670e-04
   1.2455448e-04
   1.1559186e-04
   1.0681241e-04
   9.8829692e-05
   9.2168907e-05
   8.7001777e-05
   8.3411658e-05
   8.1481908e-05
   8.1295883e-05
   8.2936938e-05
   8.6379540e-05
   9.1162599e-05
   9.6716133e-05
   1.0247016e-04
   1.0785470e-04
   1.1229978e-04
   1.1525305e-04
   1.1635543e-04
   1.1575609e-04
   1.1372683e-04
   1.1053949e-04
   1.0646587e-04
   1.0177780e-04
   9.6747089e-05
   9.1645559e-05
   8.6745028e-05
   8.2317311e-05
   7.8634228e-05
   7.5967597e-05
