   2.0607455e-01
   2.0589602e-01
   2.0601206e-01
   2.0639159e-01
   2.0698831e-01
   2.0775476e-01
   2.0864351e-01
   2.0960710e-01
   2.1059808e-01
   2.1156902e-01
   2.1247245e-01
   2.1326094e-01
   2.1388703e-01
   2.1430328e-01
   2.1446224e-01
   2.1431646e-01
   2.1381849e-01
   2.1292090e-01
   2.1157622e-01
   2.0973701e-01
   2.0735583e-01
   2.0438522e-01
   2.0077892e-01
   1.9650738e-01
   1.9159342e-01
   1.8608334e-01
   1.8002632e-01
   1.7347152e-01
   1.6646808e-01
   1.5906519e-01
   1.5131199e-01
   1.4325766e-01
   1.3495135e-01
   1.2644222e-01
   1.1777945e-01
   1.0901218e-01
   1.0018959e-01
   9.1360839e-02
   8.2575083e-02
   7.3881486e-02
   6.5329213e-02
   5.6967424e-02
   4.8845282e-02
   4.1011950e-02
   3.3515052e-02
   2.6392060e-02
   1.9662909e-02
   1.3341652e-02
   7.4348200e-03
   1.9470627e-03
   3.1169704e-03
   7.7526297e-03
   1.1955266e-02
   1.5720229e-02
   1.9042869e-02
   2.1918537e-02
   2.4342584e-02
   2.6310359e-02
   2.7817213e-02
   2.8858497e-02
   2.9429560e-02
   2.9525754e-02
   2.9142428e-02
   2.8274933e-02
   2.6923492e-02
   2.5111150e-02
   2.2879157e-02
   2.0272026e-02
   1.7334250e-02
   1.4110320e-02
   1.0644730e-02
   6.9819741e-03
   3.1665437e-03
   7.5706776e-04
   4.7443673e-03
   8.7508619e-03
   1.2732059e-02
   1.6643465e-02
   2.0440587e-02
   2.4078933e-02
   2.7514009e-02
   3.0701323e-02
   3.3596381e-02
   3.6154691e-02
   3.8331759e-02
   4.0083093e-02
   4.1364200e-02
   4.2130586e-02
   4.2347752e-02
   4.2027289e-02
   4.1215267e-02
   3.9963880e-02
   3.8325319e-02
   3.6351778e-02
   3.4095448e-02
   3.1608523e-02
   2.8943194e-02
   2.6151654e-02
   2.3286096e-02
   2.0398712e-02
   1.7541694e-02
   1.4766989e-02
   1.2125945e-02
   9.6684486e-03
   7.4309414e-03
   5.4325820e-03
   3.6734022e-03
   2.1398634e-03
   8.0718213e-04
   3.5438228e-04
   1.3798883e-03
   2.3051736e-03
   3.1683326e-03
   4.0005373e-03
   4.8247283e-03
   5.6526129e-03
   6.4875024e-03
   7.3294185e-03
   8.1775945e-03
   9.0298567e-03
   9.8833032e-03
   1.0734638e-02
   1.1579123e-02
   1.2411715e-02
   1.3227514e-02
   1.4022834e-02
   1.4798186e-02
   1.5555499e-02
   1.6296549e-02
   1.7022144e-02
   1.7731545e-02
   1.8423610e-02
   1.9096576e-02
   1.9748985e-02
   2.0379607e-02
   2.0987526e-02
   2.1572360e-02
   2.2132912e-02
   2.2666662e-02
   2.3170002e-02
   2.3638628e-02
   2.4068395e-02
   2.4455755e-02
   2.4797343e-02
   2.5089987e-02
   2.5331327e-02
   2.5519676e-02
   2.5654294e-02
   2.5735041e-02
   2.5763126e-02
   2.5741351e-02
   2.5673135e-02
   2.5562212e-02
   2.5412595e-02
   2.5228811e-02
   2.5016428e-02
   2.4782615e-02
   2.4535142e-02
   2.4281689e-02
   2.4029675e-02
   2.3786363e-02
   2.3557677e-02
   2.3347048e-02
   2.3155995e-02
   2.2984081e-02
   2.2828824e-02
   2.2686820e-02
   2.2554277e-02
   2.2427338e-02
   2.2302143e-02
   2.2174849e-02
   2.2041763e-02
   2.1899744e-02
   2.1746590e-02
   2.1580533e-02
   2.1400206e-02
   2.1204874e-02
   2.0994061e-02
   2.0767687e-02
   2.0525954e-02
   2.0269419e-02
   1.9998699e-02
   1.9715159e-02
   1.9420813e-02
   1.9118211e-02
   1.8809747e-02
   1.8497135e-02
   1.8181285e-02
   1.7862927e-02
   1.7542863e-02
   1.7222295e-02
   1.6902403e-02
   1.6583525e-02
   1.6265456e-02
   1.5948066e-02
   1.5631296e-02
   1.5314675e-02
   1.4997575e-02
   1.4679174e-02
   1.4358716e-02
   1.4036204e-02
   1.3712288e-02
   1.3387732e-02
   1.3063307e-02
   1.2739853e-02
   1.2418426e-02
   1.2099777e-02
   1.1784491e-02
   1.1473252e-02
   1.1166881e-02
   1.0866001e-02
   1.0570958e-02
   1.0281759e-02
   9.9985522e-03
   9.7216095e-03
   9.4507886e-03
   9.1850919e-03
   8.9234245e-03
   8.6645305e-03
   8.4075354e-03
   8.1520319e-03
   7.8975748e-03
   7.6436840e-03
   7.3900000e-03
   7.1367269e-03
   6.8845075e-03
   6.6340640e-03
   6.3861376e-03
   6.1415300e-03
   5.9009693e-03
   5.6649747e-03
   5.4338394e-03
   5.2078517e-03
   4.9870501e-03
   4.7711777e-03
   4.5601000e-03
   4.3536022e-03
   4.1515209e-03
   3.9536827e-03
   3.7599438e-03
   3.5702088e-03
   3.3843576e-03
   3.2021465e-03
   3.0233814e-03
   2.8478989e-03
   2.6753915e-03
   2.5054747e-03
   2.3377466e-03
   2.1718394e-03
   2.0075919e-03
   1.8454479e-03
   1.6861348e-03
   1.5304054e-03
   1.3789856e-03
   1.2326406e-03
   1.0920164e-03
   9.5763285e-04
   8.3001351e-04
   7.0960560e-04
   5.9661831e-04
   4.9115328e-04
   3.9320586e-04
   3.0262501e-04
   2.1918991e-04
   1.4245250e-04
   7.1791389e-05
   6.4980402e-06
   5.4129410e-05
   1.1056401e-04
   1.6321390e-04
   2.1272516e-04
   2.5983552e-04
   3.0525737e-04
   3.4952443e-04
   3.9261727e-04
   4.3439676e-04
   4.7484167e-04
   5.1371374e-04
   5.5040284e-04
   5.8421544e-04
   6.1445086e-04
   6.4051937e-04
   6.6180529e-04
   6.7772495e-04
   6.8786173e-04
   6.9188676e-04
   6.8978914e-04
   6.8205697e-04
   6.6938311e-04
   6.5272177e-04
   6.3294558e-04
   6.1088833e-04
   5.8739379e-04
   5.6333223e-04
   5.3951881e-04
   5.1669825e-04
   4.9535480e-04
   4.7514357e-04
   4.5557705e-04
   4.3638807e-04
   4.1738426e-04
   3.9846548e-04
   3.7955808e-04
   3.6060111e-04
   3.4153682e-04
   3.2230746e-04
   3.0294691e-04
   2.8386355e-04
   2.6555752e-04
   2.4839747e-04
   2.3269370e-04
   2.1876396e-04
   2.0671301e-04
   1.9678072e-04
   1.8916213e-04
   1.8379713e-04
   1.8052946e-04
   1.7921087e-04
   1.7960632e-04
   1.8131879e-04
   1.8388459e-04
   1.8693760e-04
   1.9025863e-04
   1.9355128e-04
   1.9646174e-04
   1.9863628e-04
   2.0016126e-04
   2.0105358e-04
   2.0111416e-04
   2.0020480e-04
   1.9859765e-04
   1.9660413e-04
   1.9442196e-04
   1.9216754e-04
   1.8997122e-04
   1.8793955e-04
   1.8600261e-04
   1.8414175e-04
   1.8232613e-04
   1.8049551e-04
   1.7883054e-04
   1.7758690e-04
   1.7680816e-04
   1.7651253e-04
   1.7626385e-04
   1.7554221e-04
   1.7443930e-04
   1.7307824e-04
   1.7154997e-04
   1.6999678e-04
   1.6857458e-04
   1.6743928e-04
   1.6674479e-04
   1.6663722e-04
   1.6727075e-04
   1.6879122e-04
   1.7112376e-04
   1.7397729e-04
   1.7692626e-04
   1.7951672e-04
   1.8138926e-04
   1.8230354e-04
   1.8227642e-04
   1.8139046e-04
   1.7976457e-04
   1.7759491e-04
   1.7505154e-04
   1.7233443e-04
   1.6958762e-04
   1.6697614e-04
   1.6493467e-04
   1.6376510e-04
   1.6356262e-04
   1.6438156e-04
   1.6622102e-04
   1.6882290e-04
   1.7172156e-04
   1.7443354e-04
   1.7669947e-04
   1.7845048e-04
   1.7966977e-04
   1.8040851e-04
   1.8078682e-04
   1.8098448e-04
   1.8076525e-04
   1.8007134e-04
   1.7902453e-04
   1.7777365e-04
   1.7646754e-04
   1.7525502e-04
   1.7428494e-04
   1.7378468e-04
   1.7421079e-04
   1.7577090e-04
   1.7860534e-04
   1.8266196e-04
   1.8746820e-04
   1.9217186e-04
   1.9605027e-04
   1.9879104e-04
   2.0035551e-04
   2.0066091e-04
   1.9958110e-04
   1.9690595e-04
   1.9240416e-04
   1.8584445e-04
   1.7700087e-04
   1.6597400e-04
   1.5397827e-04
   1.4204160e-04
   1.3092091e-04
   1.2140095e-04
   1.1428448e-04
   1.1039303e-04
   1.1062323e-04
   1.1568808e-04
   1.2539775e-04
   1.3898689e-04
   1.5559687e-04
   1.7436903e-04
   1.9444473e-04
   2.1490039e-04
   2.3456568e-04
   2.5225770e-04
   2.6680662e-04
   2.7704262e-04
   2.8179586e-04
   2.7989653e-04
   2.7083560e-04
   2.5656783e-04
   2.3899081e-04
   2.1982263e-04
   2.0078140e-04
   1.8358521e-04
   1.6962465e-04
   1.5896283e-04
   1.5126576e-04
   1.4618207e-04
   1.4336038e-04
   1.4244932e-04
   1.4309751e-04
   1.4494744e-04
   1.4758548e-04
   1.5046598e-04
   1.5301178e-04
   1.5464576e-04
   1.5479076e-04
   1.5284160e-04
   1.4836244e-04
   1.4201559e-04
   1.3474489e-04
   1.2749419e-04
   1.2120735e-04
   1.1682820e-04
   1.1529949e-04
   1.1723422e-04
   1.2194297e-04
   1.2841103e-04
   1.3562369e-04
   1.4256622e-04
   1.4821566e-04
   1.5169680e-04
   1.5289853e-04
   1.5208788e-04
   1.4958121e-04
   1.4569490e-04
   1.4079968e-04
   1.3547891e-04
   1.3033480e-04
   1.2585234e-04
   1.2228388e-04
   1.1970278e-04
   1.1814906e-04
   1.1766272e-04
   1.1828378e-04
   1.2003096e-04
   1.2279316e-04
   1.2626544e-04
   1.3013581e-04
   1.3416520e-04
   1.3817764e-04
   1.4200952e-04
   1.4549724e-04
   1.4847718e-04
   1.5078575e-04
   1.5225932e-04
   1.5274688e-04
   1.5221339e-04
   1.5088935e-04
   1.4903088e-04
   1.4688405e-04
   1.4469494e-04
   1.4270964e-04
   1.4117421e-04
   1.4033475e-04
   1.4043732e-04
   1.4164486e-04
   1.4378766e-04
   1.4661285e-04
   1.4986759e-04
   1.5329901e-04
   1.5665425e-04
   1.5968045e-04
   1.6212476e-04
   1.6373431e-04
   1.6433096e-04
   1.6403540e-04
   1.6304306e-04
   1.6154935e-04
   1.5974967e-04
   1.5783945e-04
   1.5601410e-04
   1.5446903e-04
   1.5334350e-04
   1.5255214e-04
   1.5195342e-04
   1.5140582e-04
   1.5076781e-04
   1.4989787e-04
   1.4865446e-04
   1.4689607e-04
   1.4449617e-04
   1.4140904e-04
   1.3768692e-04
   1.3340279e-04
   1.2862964e-04
   1.2344043e-04
   1.1790816e-04
   1.1210580e-04
   1.0614587e-04
   1.0029977e-04
   9.4875021e-05
   9.0154206e-05
   8.6413493e-05
   8.3929052e-05
   8.2957205e-05
   8.3590097e-05
   8.5560821e-05
   8.8517671e-05
   9.2108941e-05
   9.5982923e-05
   9.9787912e-05
   1.0318830e-04
   1.0595782e-04
   1.0806604e-04
   1.0952746e-04
   1.1035657e-04
   1.1056789e-04
   1.1017591e-04
   1.0921035e-04
   1.0776183e-04
   1.0593618e-04
   1.0383924e-04
   1.0157686e-04
   9.9254856e-05
   9.6980701e-05
   9.4865920e-05
   9.3013891e-05
   9.1525547e-05
   9.0501825e-05
   9.0043658e-05
   9.0251982e-05
   9.1227732e-05
   9.3024056e-05
   9.5502964e-05
   9.8478678e-05
   1.0176542e-04
   1.0517742e-04
   1.0852889e-04
   1.1163407e-04
   1.1430918e-04
   1.1641309e-04
   1.1794470e-04
   1.1893748e-04
   1.1942485e-04
   1.1944027e-04
   1.1901717e-04
   1.1818900e-04
   1.1698728e-04
   1.1546841e-04
   1.1381694e-04
   1.1224996e-04
   1.1098455e-04
   1.1023778e-04
   1.1022676e-04
   1.1116855e-04
   1.1328024e-04
   1.1677891e-04
   1.2187971e-04
   1.2867098e-04
   1.3676285e-04
   1.4564636e-04
   1.5481257e-04
   1.6375251e-04
   1.7195726e-04
   1.7891784e-04
   1.8412532e-04
   1.8707075e-04
   1.8739312e-04
   1.8532321e-04
   1.8123974e-04
   1.7552145e-04
   1.6854706e-04
   1.6069530e-04
   1.5234489e-04
   1.4387456e-04
   1.3563205e-04
   1.2782234e-04
   1.2054571e-04
   1.1389038e-04
   1.0794626e-04
   1.0280327e-04
   9.8551322e-05
   9.5280333e-05
   9.3080217e-05
   9.2040888e-05
   9.2252262e-05
   9.3771884e-05
   9.6489564e-05
   1.0010972e-04
   1.0429850e-04
   1.0872206e-04
   1.1304657e-04
   1.1693817e-04
   1.2006200e-04
   1.2215790e-04
   1.2330809e-04
   1.2378519e-04
   1.2388971e-04
   1.2392215e-04
   1.2418302e-04
   1.2497282e-04
   1.2657956e-04
   1.2916915e-04
   1.3260681e-04
   1.3668569e-04
   1.4119896e-04
   1.4593977e-04
   1.5070550e-04
   1.5529206e-04
   1.5944132e-04
   1.6296083e-04
   1.6576287e-04
   1.6778211e-04
   1.6895316e-04
   1.6921068e-04
   1.6848930e-04
   1.6672366e-04
   1.6386606e-04
   1.5996968e-04
   1.5521240e-04
   1.4974552e-04
   1.4370614e-04
   1.3723135e-04
   1.3045823e-04
   1.2352388e-04
   1.1656538e-04
   1.0972206e-04
   1.0313258e-04
   9.6899657e-05
   9.1116456e-05
   8.5877612e-05
   8.1283655e-05
   7.7436586e-05
   7.4438409e-05
   7.2391126e-05
   7.1385883e-05
   7.1437051e-05
   7.2414760e-05
   7.4155793e-05
   7.6496934e-05
   7.9274964e-05
   8.2326667e-05
   8.5488827e-05
   8.8598227e-05
   9.1495190e-05
   9.4054510e-05
   9.6235721e-05
   9.8018662e-05
   9.9383169e-05
   1.0030908e-04
   1.0077623e-04
   1.0076446e-04
   1.0025360e-04
   9.9223494e-05
   9.7653975e-05
   9.5524882e-05
   9.2822518e-05
   8.9587598e-05
   8.5981497e-05
   8.2194135e-05
   7.8415433e-05
   7.4835313e-05
   7.1643695e-05
   6.9030500e-05
   6.7185650e-05
   6.6299064e-05
   6.6560666e-05
   6.8144911e-05
   7.1100736e-05
   7.5206952e-05
   8.0178701e-05
   8.5731129e-05
   9.1579378e-05
   9.7438593e-05
   1.0302392e-04
   1.0805050e-04
   1.1223347e-04
   1.1528799e-04
   1.1692919e-04
   1.1696072e-04
   1.1554027e-04
   1.1291403e-04
   1.0932817e-04
   1.0502888e-04
   1.0026236e-04
   9.5274785e-05
   9.0312346e-05
   8.5621228e-05
   8.1447618e-05
   7.8012101e-05
   7.5411536e-05
   7.3631874e-05
   7.2637743e-05
   7.2393772e-05
   7.2864588e-05
   7.4014818e-05
   7.5809090e-05
   7.8212031e-05
   8.1188270e-05
   8.4702434e-05
   8.8697799e-05
   9.3028490e-05
   9.7512301e-05
   1.0196328e-04
   1.0619549e-04
   1.1002296e-04
   1.1325976e-04
   1.1571993e-04
   1.1721752e-04
   1.1756658e-04
   1.1666761e-04
   1.1476693e-04
   1.1219729e-04
   1.0929146e-04
   1.0638219e-04
   1.0380225e-04
   1.0188439e-04
   1.0096138e-04
   1.0125738e-04
   1.0256219e-04
   1.0455701e-04
   1.0692303e-04
   1.0934145e-04
   1.1149347e-04
   1.1309029e-04
   1.1401312e-04
   1.1437318e-04
   1.1433170e-04
   1.1404989e-04
   1.1368898e-04
   1.1341019e-04
   1.1337475e-04
   1.1374388e-04
   1.1463877e-04
   1.1602042e-04
   1.1780981e-04
   1.1992793e-04
   1.2229574e-04
   1.2483422e-04
   1.2746435e-04
   1.3010709e-04
   1.3270853e-04
   1.3523990e-04
   1.3739666e-04
   1.3879903e-04
   1.3906725e-04
   1.3782155e-04
   1.3468216e-04
   1.2926932e-04
   1.2138239e-04
   1.1153732e-04
   1.0042917e-04
   8.8753043e-05
   7.7204001e-05
   6.6477127e-05
   5.7267499e-05
   5.0195187e-05
   4.5503221e-05
   4.3051576e-05
   4.2623214e-05
   4.4001099e-05
   4.6968195e-05
   5.1307465e-05
   5.6817410e-05
   6.3315550e-05
   7.0462411e-05
   7.7875385e-05
   8.5171866e-05
   9.1969247e-05
   9.7884921e-05
   1.0255438e-04
   1.0571196e-04
   1.0728280e-04
   1.0748577e-04
   1.0660656e-04
   1.0493086e-04
   1.0274437e-04
   1.0033277e-04
   9.7981748e-05
   9.5977006e-05
   9.4604990e-05
   9.4079023e-05
   9.4308553e-05
   9.5126868e-05
   9.6367256e-05
   9.7863006e-05
   9.9447405e-05
   1.0095374e-04
   1.0224502e-04
   1.0330307e-04
   1.0413946e-04
   1.0476575e-04
   1.0519348e-04
   1.0543422e-04
   1.0549951e-04
   1.0540093e-04
   1.0514167e-04
   1.0470431e-04
   1.0411405e-04
   1.0340882e-04
   1.0262655e-04
   1.0180517e-04
   1.0098261e-04
   1.0019680e-04
   9.9487990e-05
   9.8891147e-05
   9.8385284e-05
   9.7934851e-05
   9.7504300e-05
   9.7058081e-05
   9.6560644e-05
   9.5976441e-05
   9.5269921e-05
   9.4405536e-05
   9.3323036e-05
   9.1920103e-05
   9.0296627e-05
   8.8609224e-05
   8.7014512e-05
   8.5669106e-05
   8.4729625e-05
   8.4352684e-05
   8.4694900e-05
   8.5912891e-05
   8.8162400e-05
   9.1588227e-05
   9.6299741e-05
   1.0235042e-04
   1.0961364e-04
   1.1770309e-04
   1.2617491e-04
   1.3458521e-04
   1.4249013e-04
   1.4944578e-04
   1.5500830e-04
   1.5873382e-04
   1.6028860e-04
   1.5978118e-04
   1.5743699e-04
   1.5348315e-04
   1.4814677e-04
   1.4165498e-04
   1.3425825e-04
   1.2631552e-04
   1.1826484e-04
   1.1050992e-04
   1.0332409e-04
   9.6949238e-05
   9.1627213e-05
   8.7599885e-05
   8.5064960e-05
   8.3965027e-05
   8.3843048e-05
   8.3983751e-05
   8.3576457e-05
   8.1797025e-05
   7.7959011e-05
   7.2086638e-05
   6.4981402e-05
   5.7616307e-05
   5.1010794e-05
   4.6136334e-05
   4.3634958e-05
   4.3706467e-05
   4.6386967e-05
   5.1694421e-05
   5.9646789e-05
   7.0259848e-05
   8.3496587e-05
   9.8995087e-05
   1.1575756e-04
   1.3261675e-04
   1.4839967e-04
   1.6193332e-04
   1.7204470e-04
   1.7756083e-04
   1.7765588e-04
   1.7289276e-04
   1.6418153e-04
   1.5243228e-04
   1.3855508e-04
   1.2346000e-04
   1.0805712e-04
   9.3256525e-05
   7.9850329e-05
   6.8150932e-05
   5.8312781e-05
   5.0444522e-05
   4.4627118e-05
   4.0936675e-05
   3.9449299e-05
   4.0241095e-05
   4.3296561e-05
   4.8228136e-05
   5.4534179e-05
   6.1707430e-05
   6.9244038e-05
   7.6669791e-05
   8.3577890e-05
   8.9589340e-05
   9.4372366e-05
   9.7632618e-05
   9.9178224e-05
   9.8842931e-05
   9.6472793e-05
   9.2022707e-05
   8.5759176e-05
   7.8251497e-05
   7.0129759e-05
   6.2024051e-05
   5.4564462e-05
   4.8364479e-05
   4.3858392e-05
   4.1012758e-05
   3.9681347e-05
   3.9717932e-05
   4.0976284e-05
   4.3310176e-05
   4.6573379e-05
   5.0619665e-05
   5.5271288e-05
   6.0237405e-05
   6.5262331e-05
   7.0162471e-05
   7.4769008e-05
   7.8913123e-05
   8.2426001e-05
   8.5138822e-05
   8.6882771e-05
   8.7489028e-05
   8.6836596e-05
   8.5035175e-05
   8.2400473e-05
   7.9289486e-05
   7.6059673e-05
   7.3068496e-05
   7.0673415e-05
   6.9231889e-05
   6.9101380e-05
   7.0563097e-05
   7.3567314e-05
   7.7884300e-05
   8.3258388e-05
   8.9433907e-05
   9.6155188e-05
   1.0316656e-04
   1.1021237e-04
   1.1703692e-04
   1.2339407e-04
   1.2910365e-04
   1.3412799e-04
   1.3853545e-04
   1.4239397e-04
   1.4576617e-04
   1.4870775e-04
   1.5124676e-04
   1.5340433e-04
   1.5520692e-04
   1.5670297e-04
   1.5794322e-04
   1.5896998e-04
   1.5987400e-04
   1.6075952e-04
   1.6173080e-04
   1.6280479e-04
   1.6364914e-04
   1.6384420e-04
   1.6297031e-04
   1.6071125e-04
