   3.0288590e-01
   3.0965983e-01
   3.1606588e-01
   3.2209382e-01
   3.2773344e-01
   3.3297449e-01
   3.3780675e-01
   3.4222000e-01
   3.4620400e-01
   3.4974853e-01
   3.5284335e-01
   3.5547824e-01
   3.5764296e-01
   3.5932730e-01
   3.6052102e-01
   3.6121390e-01
   3.6139569e-01
   3.6105619e-01
   3.6018515e-01
   3.5877235e-01
   3.5680756e-01
   3.5428476e-01
   3.5121560e-01
   3.4761924e-01
   3.4351565e-01
   3.3892481e-01
   3.3386668e-01
   3.2836124e-01
   3.2242847e-01
   3.1608835e-01
   3.0936083e-01
   3.0226591e-01
   2.9482355e-01
   2.8705373e-01
   2.7897642e-01
   2.7061160e-01
   2.6197924e-01
   2.5309931e-01
   2.4399180e-01
   2.3467666e-01
   2.2517389e-01
   2.1550345e-01
   2.0568531e-01
   1.9573946e-01
   1.8568586e-01
   1.7554449e-01
   1.6533532e-01
   1.5507833e-01
   1.4479350e-01
   1.3450079e-01
   1.2422018e-01
   1.1397165e-01
   1.0377516e-01
   9.3650701e-02
   8.3618238e-02
   7.3697748e-02
   6.3907824e-02
   5.4260929e-02
   4.4765373e-02
   3.5427436e-02
   2.6252363e-02
   1.7245101e-02
   8.4101543e-03
   2.4808309e-04
   8.7252182e-03
   1.7016858e-02
   2.5118608e-02
   3.3026077e-02
   4.0734869e-02
   4.8240593e-02
   5.5538855e-02
   6.2625261e-02
   6.9495419e-02
   7.6144934e-02
   8.2569414e-02
   8.8764465e-02
   9.4725694e-02
   1.0044871e-01
   1.0592911e-01
   1.1116252e-01
   1.1614452e-01
   1.2087074e-01
   1.2533678e-01
   1.2953824e-01
   1.3347074e-01
   1.3712987e-01
   1.4051124e-01
   1.4361047e-01
   1.4642316e-01
   1.4894491e-01
   1.5117133e-01
   1.5309803e-01
   1.5472062e-01
   1.5603469e-01
   1.5703587e-01
   1.5771975e-01
   1.5808194e-01
   1.5811805e-01
   1.5782465e-01
   1.5720237e-01
   1.5625409e-01
   1.5498577e-01
   1.5340775e-01
   1.5153134e-01
   1.4936788e-01
   1.4692869e-01
   1.4422510e-01
   1.4126844e-01
   1.3807003e-01
   1.3464120e-01
   1.3099328e-01
   1.2713759e-01
   1.2308547e-01
   1.1884823e-01
   1.1443721e-01
   1.0986373e-01
   1.0513912e-01
   1.0027471e-01
   9.5281813e-02
   9.0171769e-02
   8.4955902e-02
   7.9645538e-02
   7.4252004e-02
   6.8786627e-02
   6.3260734e-02
   5.7685651e-02
   5.2072706e-02
   4.6433225e-02
   4.0778536e-02
   3.5119965e-02
   2.9468840e-02
   2.3836486e-02
   1.8234231e-02
   1.2673401e-02
   7.1653249e-03
   1.7213279e-03
   3.6472628e-03
   8.9291201e-03
   1.4112917e-02
   1.9187327e-02
   2.4141024e-02
   2.8962679e-02
   3.3640967e-02
   3.8164735e-02
   4.2523530e-02
   4.6707075e-02
   5.0705092e-02
   5.4507303e-02
   5.8103431e-02
   6.1483196e-02
   6.4636625e-02
   6.7554957e-02
   7.0229734e-02
   7.2652498e-02
   7.4815069e-02
   7.6711260e-02
   7.8340231e-02
   7.9708121e-02
   8.0822594e-02
   8.1691313e-02
   8.2321942e-02
   8.2722142e-02
   8.2899579e-02
   8.2861914e-02
   8.2616812e-02
   8.2171935e-02
   8.1534947e-02
   8.0713511e-02
   7.9715291e-02
   7.8547949e-02
   7.7219149e-02
   7.5736554e-02
   7.4107827e-02
   7.2340633e-02
   7.0442633e-02
   6.8421491e-02
   6.6284871e-02
   6.4040436e-02
   6.1695848e-02
   5.9258772e-02
   5.6736871e-02
   5.4137807e-02
   5.1469244e-02
   4.8738846e-02
   4.5954275e-02
   4.3123196e-02
   4.0253270e-02
   3.7352162e-02
   3.4427534e-02
   3.1487051e-02
   2.8538374e-02
   2.5589817e-02
   2.2652366e-02
   1.9737895e-02
   1.6857901e-02
   1.4022522e-02
   1.1238637e-02
   8.5094012e-03
   5.8371813e-03
   3.2243439e-03
   6.7325558e-04
   1.8137169e-03
   4.2342070e-03
   6.5858480e-03
   8.8662732e-03
   1.1073116e-02
   1.3204010e-02
   1.5256588e-02
   1.7228483e-02
   1.9117330e-02
   2.0920761e-02
   2.2636409e-02
   2.4261909e-02
   2.5794893e-02
   2.7232994e-02
   2.8573847e-02
   2.9815084e-02
   3.0954338e-02
   3.1989244e-02
   3.2917434e-02
   3.3736542e-02
   3.4444201e-02
   3.5038044e-02
   3.5516433e-02
   3.5880903e-02
   3.6134711e-02
   3.6281381e-02
   3.6324912e-02
   3.6269429e-02
   3.6119057e-02
   3.5877919e-02
   3.5550141e-02
   3.5139848e-02
   3.4651163e-02
   3.4088212e-02
   3.3455120e-02
   3.2756010e-02
   3.1995009e-02
   3.1176239e-02
   3.0303826e-02
   2.9381895e-02
   2.8414571e-02
   2.7405977e-02
   2.6360239e-02
   2.5281481e-02
   2.4173828e-02
   2.3041405e-02
   2.1888336e-02
   2.0718746e-02
   1.9536759e-02
   1.8346501e-02
   1.7152095e-02
   1.5957667e-02
   1.4767342e-02
   1.3585243e-02
   1.2415496e-02
   1.1262224e-02
   1.0129554e-02
   9.0216093e-03
   7.9425147e-03
   6.8963949e-03
   5.8873746e-03
   4.9192335e-03
   3.9942838e-03
   3.1140269e-03
   2.2793603e-03
   1.4907893e-03
   7.4846487e-04
   5.2146236e-05
   5.9882392e-04
   1.2055324e-03
   1.7694243e-03
   2.2920836e-03
   2.7753638e-03
   3.2212503e-03
   3.6318193e-03
   4.0084718e-03
   4.3522049e-03
   4.6639567e-03
   4.9446654e-03
   5.1952694e-03
   5.4167068e-03
   5.6099160e-03
   5.7758351e-03
   5.9154024e-03
   6.0295561e-03
   6.1192345e-03
   6.1853759e-03
   6.2289185e-03
   6.2508005e-03
   6.2519602e-03
   6.2333358e-03
   6.1958655e-03
   6.1404877e-03
   6.0681406e-03
   5.9797623e-03
   5.8762912e-03
   5.7586655e-03
   5.6278235e-03
   5.4847033e-03
   5.3302433e-03
   5.1653816e-03
   4.9910566e-03
   4.8082065e-03
   4.6177694e-03
   4.4206838e-03
   4.2178877e-03
   4.0103195e-03
   3.7989175e-03
   3.5846197e-03
   3.3683646e-03
   3.1510903e-03
   2.9337351e-03
   2.7172372e-03
   2.5025349e-03
   2.2905664e-03
   2.0822700e-03
   1.8785839e-03
   1.6804464e-03
   1.4887957e-03
   1.3045857e-03
   1.1288443e-03
   9.6267195e-04
   8.0725061e-04
   6.6384825e-04
   5.3377542e-04
   4.1835310e-04
   3.1848424e-04
   2.3460258e-04
   1.6700184e-04
   1.1582522e-04
   8.0852982e-05
   6.1329635e-05
   5.6194641e-05
   6.4140381e-05
   8.3707739e-05
   1.1333977e-04
   1.5136136e-04
   1.9568807e-04
   2.4423604e-04
   2.9550964e-04
   3.4813012e-04
   4.0069873e-04
   4.5177247e-04
   4.9989921e-04
   5.4363443e-04
   5.8150847e-04
   6.1206736e-04
   6.3430643e-04
   6.4726585e-04
   6.4993833e-04
   6.4124280e-04
   6.2039073e-04
   5.8731937e-04
   5.4223638e-04
   4.8574222e-04
   4.1869372e-04
   3.4258031e-04
   2.5904958e-04
   1.6974910e-04
   7.6326484e-05
   1.9570696e-05
   1.1629485e-04
   2.1219839e-04
   3.0563372e-04
   3.9495326e-04
   4.7850943e-04
   5.5482881e-04
   6.2313471e-04
   6.8282463e-04
   7.3329606e-04
   7.7394648e-04
   8.0417340e-04
   8.2337430e-04
   8.3087731e-04
   8.2573309e-04
   8.0713000e-04
   7.7491020e-04
   7.2866023e-04
   6.6868217e-04
   5.9541841e-04
   5.0987274e-04
   4.1383291e-04
   3.0920829e-04
   1.9786366e-04
   8.1654474e-05
   3.7489767e-05
   1.5761458e-04
   2.7722353e-04
   3.9446501e-04
   5.0735931e-04
   6.1392669e-04
   7.1218743e-04
   8.0016179e-04
   8.7587004e-04
   9.3733625e-04
   9.8270747e-04
   1.0106995e-03
   1.0207947e-03
   1.0130692e-03
   9.8765354e-04
   9.4523651e-04
   8.8755985e-04
   8.1641220e-04
   7.3358798e-04
   6.4089376e-04
   5.4022068e-04
   4.3336297e-04
   3.2163503e-04
   2.0907811e-04
   1.0049628e-04
   6.9359586e-07
   8.5509495e-05
   1.5302721e-04
   1.9612038e-04
   2.1000664e-04
   1.9360181e-04
   1.5279508e-04
   9.6832898e-05
   3.5355708e-05
   2.3584528e-05
   7.4566704e-05
   1.1672592e-04
   1.5146607e-04
   1.8024035e-04
   2.0442851e-04
   2.2541028e-04
   2.4379288e-04
   2.5744430e-04
   2.6486386e-04
   2.6490189e-04
   2.5640867e-04
   2.3899475e-04
   2.1531165e-04
   1.8877109e-04
   1.6278483e-04
   1.4076461e-04
   1.2568108e-04
   1.1838637e-04
   1.1787480e-04
   1.2278653e-04
   1.3176171e-04
   1.4361491e-04
   1.5737680e-04
   1.7032640e-04
   1.7926122e-04
   1.8097880e-04
   1.7341906e-04
   1.5909158e-04
   1.4164836e-04
   1.2474140e-04
   1.1173222e-04
   1.0461415e-04
   1.0426507e-04
   1.1135662e-04
   1.2612269e-04
   1.4666775e-04
   1.6914478e-04
   1.8932826e-04
   2.0299272e-04
   2.0695890e-04
   2.0223249e-04
   1.9086542e-04
   1.7490964e-04
   1.5633746e-04
   1.3695080e-04
   1.1906424e-04
   1.0514042e-04
   9.7492428e-05
   9.7227337e-05
   1.0287201e-04
   1.1234563e-04
   1.2356740e-04
   1.3445650e-04
   1.4326970e-04
   1.4961405e-04
   1.5343415e-04
   1.5467462e-04
   1.5328008e-04
   1.4939579e-04
   1.4396963e-04
   1.3815013e-04
   1.3308584e-04
   1.2992528e-04
   1.2961983e-04
   1.3215625e-04
   1.3662031e-04
   1.4192184e-04
   1.4697066e-04
   1.5082584e-04
   1.5314337e-04
   1.5372852e-04
   1.5238652e-04
   1.4892262e-04
   1.4332769e-04
   1.3633507e-04
   1.2886374e-04
   1.2183266e-04
   1.1616079e-04
   1.1276710e-04
   1.1234666e-04
   1.1469899e-04
   1.1939968e-04
   1.2602435e-04
   1.3414860e-04
   1.4334805e-04
   1.5319832e-04
   1.6328081e-04
   1.7317250e-04
   1.8237071e-04
   1.9044613e-04
   1.9699473e-04
   2.0161250e-04
   2.0389540e-04
   2.0343943e-04
   1.9992441e-04
   1.9346021e-04
   1.8461871e-04
   1.7406634e-04
   1.6246954e-04
   1.5049472e-04
   1.3880833e-04
   1.2799929e-04
   1.1834650e-04
   1.1005136e-04
   1.0331525e-04
   9.8339595e-05
   9.5294080e-05
   9.4170707e-05
   9.4725986e-05
   9.6665484e-05
   9.9694766e-05
   1.0351940e-04
   1.0784495e-04
   1.1237697e-04
   1.1682105e-04
   1.2088273e-04
   1.2426759e-04
   1.2668120e-04
   1.2783302e-04
   1.2753750e-04
   1.2597035e-04
   1.2339664e-04
   1.2008141e-04
   1.1628973e-04
   1.1228665e-04
   1.0833722e-04
   1.0471104e-04
   1.0168434e-04
   9.9447442e-05
   9.8001610e-05
   9.7303732e-05
   9.7310693e-05
   9.7979377e-05
   9.9266670e-05
   1.0112946e-04
   1.0352462e-04
   1.0640905e-04
   1.0973963e-04
   1.1347324e-04
   1.1753986e-04
   1.2175878e-04
   1.2591016e-04
   1.2977110e-04
   1.3311868e-04
   1.3573001e-04
   1.3738219e-04
   1.3785230e-04
   1.3701650e-04
   1.3514710e-04
   1.3261546e-04
   1.2979294e-04
   1.2705092e-04
   1.2476076e-04
   1.2318571e-04
   1.2215668e-04
   1.2139644e-04
   1.2062777e-04
   1.1957348e-04
   1.1794905e-04
   1.1547727e-04
   1.1205307e-04
   1.0774251e-04
   1.0264532e-04
   9.6861225e-05
   9.0489936e-05
   8.3713995e-05
   7.7079935e-05
   7.1348097e-05
   6.7300159e-05
   6.5644570e-05
   6.6779060e-05
   7.0317707e-05
   7.5681530e-05
   8.2275394e-05
   8.9500125e-05
   9.6756965e-05
   1.0352928e-04
   1.0962577e-04
   1.1494801e-04
   1.1940062e-04
   1.2288825e-04
   1.2531554e-04
   1.2657904e-04
   1.2662577e-04
   1.2572643e-04
   1.2423546e-04
   1.2250747e-04
   1.2089708e-04
   1.1975890e-04
   1.1944757e-04
   1.2031769e-04
   1.2259033e-04
   1.2595228e-04
   1.2995679e-04
   1.3415708e-04
   1.3810640e-04
   1.4135799e-04
   1.4346507e-04
   1.4398088e-04
   1.4245618e-04
   1.3844517e-04
   1.3176152e-04
   1.2306506e-04
   1.1322382e-04
   1.0310582e-04
   9.3579094e-05
   8.5511656e-05
   7.9771533e-05
   7.7039042e-05
   7.7243675e-05
   8.0127219e-05
   8.5431460e-05
   9.2898184e-05
   1.0195487e-04
   1.1084099e-04
   1.1775839e-04
   1.2097814e-04
   1.1877127e-04
   1.1006430e-04
   9.6465822e-05
   8.0480736e-05
   6.4674155e-05
   5.1611190e-05
   4.3445785e-05
   4.0708570e-05
   4.3604483e-05
   5.2359835e-05
   6.7200932e-05
   8.8298399e-05
   1.1497867e-04
   1.4402666e-04
   1.7160586e-04
   1.9387972e-04
   2.0701171e-04
   2.0824764e-04
   1.9916263e-04
   1.8241412e-04
   1.6065958e-04
   1.3655645e-04
   1.1275582e-04
   9.1668821e-05
   7.4842174e-05
   6.3608086e-05
   5.9298763e-05
   6.2906464e-05
   7.3742642e-05
   8.9395137e-05
   1.0673218e-04
   1.2252237e-04
   1.3371942e-04
   1.3857831e-04
   1.3778192e-04
   1.3257388e-04
   1.2419777e-04
   1.1389722e-04
   1.0292409e-04
   9.2550786e-05
   8.3940765e-05
   7.7865831e-05
   7.4580264e-05
   7.4225608e-05
   7.6943406e-05
   8.2875201e-05
   9.2162536e-05
   1.0490973e-04
   1.2080186e-04
   1.3840526e-04
   1.5601591e-04
   1.7192978e-04
   1.8444286e-04
   1.9185112e-04
   1.9245053e-04
   1.8514396e-04
   1.7126182e-04
   1.5274142e-04
   1.3152006e-04
   1.0953504e-04
   8.8723664e-05
   7.1023239e-05
   5.7995234e-05
   4.9666276e-05
   4.5561108e-05
   4.5172959e-05
   4.7995059e-05
   5.3520637e-05
   6.1242924e-05
   7.0617539e-05
   8.0778010e-05
   9.0133647e-05
   9.6922105e-05
   9.9381042e-05
   9.6352647e-05
   8.9097238e-05
   7.9479670e-05
   6.9377874e-05
   6.0622571e-05
   5.4433757e-05
   5.1029079e-05
   5.0400480e-05
   5.2539903e-05
   5.7323926e-05
   6.4144827e-05
   7.2188105e-05
   8.0616403e-05
   8.8592366e-05
   9.5278639e-05
   9.9837867e-05
   1.0167183e-04
   1.0113314e-04
   9.8790700e-05
   9.5207695e-05
   9.0947315e-05
   8.6572747e-05
   8.2647177e-05
   7.9733795e-05
   7.8395788e-05
   7.9090579e-05
   8.1800213e-05
   8.6191675e-05
   9.1879629e-05
   9.8478739e-05
   1.0560367e-04
   1.1286908e-04
   1.1988963e-04
   1.2628000e-04
   1.3166210e-04
   1.3572171e-04
   1.3829108e-04
   1.3923724e-04
   1.3842721e-04
   1.3572804e-04
   1.3100675e-04
   1.2417527e-04
   1.1543397e-04
   1.0546359e-04
   9.5053715e-05
   8.4993952e-05
   7.6073897e-05
   6.9083149e-05
   6.4663396e-05
   6.2864679e-05
   6.3589128e-05
   6.6738873e-05
   7.2216044e-05
   7.9922770e-05
   8.9747275e-05
   1.0142975e-04
   1.1432682e-04
   1.2770272e-04
   1.4082167e-04
   1.5294789e-04
   1.6334561e-04
   1.7127906e-04
   1.7601244e-04
   1.7702346e-04
   1.7464363e-04
   1.6941794e-04
   1.6189137e-04
   1.5260890e-04
   1.4211552e-04
   1.3095622e-04
   1.1967597e-04
   1.0881976e-04
   9.8961482e-05
   9.0691840e-05
   8.4231392e-05
   7.9687169e-05
   7.7162529e-05
   7.6760832e-05
   7.8585435e-05
   8.2739698e-05
   8.9212244e-05
   9.7434447e-05
   1.0632972e-04
   1.1472319e-04
   1.2143996e-04
   1.2530514e-04
   1.2548159e-04
   1.2248312e-04
   1.1716130e-04
   1.1036769e-04
   1.0295385e-04
   9.5664854e-05
   8.8932303e-05
   8.3530878e-05
   8.0347659e-05
   8.0269727e-05
   8.4184161e-05
   9.2933713e-05
   1.0676714e-04
   1.2422217e-04
   1.4341983e-04
   1.6248117e-04
   1.7952724e-04
   1.9267907e-04
   2.0039772e-04
   2.0250430e-04
   1.9915994e-04
   1.9052577e-04
   1.7676292e-04
   1.5827372e-04
   1.3649147e-04
   1.1347447e-04
   9.1824454e-05
   7.4156740e-05
   6.2261590e-05
   5.6214208e-05
   5.5687460e-05
   6.0354207e-05
   6.9635159e-05
   8.1942395e-05
   9.5435841e-05
   1.0827542e-04
   1.1862106e-04
   1.2502698e-04
   1.2762868e-04
   1.2697225e-04
   1.2360786e-04
   1.1808564e-04
   1.1085437e-04
   1.0210501e-04
   9.2518640e-05
   8.2924213e-05
   7.4150674e-05
   6.7026968e-05
   6.2287967e-05
   6.0214798e-05
   6.0684760e-05
   6.3497714e-05
   6.8453521e-05
   7.5352043e-05
   8.3977962e-05
   9.4055255e-05
   1.0527499e-04
   1.1724501e-04
   1.2949175e-04
   1.4146636e-04
   1.5258343e-04
   1.6227191e-04
   1.7012575e-04
   1.7610067e-04
   1.8023783e-04
   1.8257841e-04
   1.8316358e-04
   1.8203452e-04
   1.7923240e-04
   1.7485298e-04
   1.6916708e-04
   1.6232705e-04
   1.5444200e-04
   1.4562100e-04
   1.3597317e-04
   1.2560759e-04
   1.1464762e-04
   1.0334694e-04
   9.2266524e-05
   8.2040607e-05
   7.3303424e-05
   6.6689209e-05
   6.2740746e-05
   6.1635021e-05
   6.3457568e-05
   6.8293924e-05
   7.6229624e-05
   8.7350204e-05
   1.0148057e-04
   1.1740310e-04
   1.3363955e-04
   1.4871167e-04
   1.6114121e-04
   1.6958013e-04
   1.7337700e-04
   1.7271367e-04
   1.6794772e-04
   1.5943677e-04
   1.4753841e-04
   1.3265164e-04
   1.1545846e-04
   9.7152043e-05
   7.9042965e-05
   6.2441827e-05
   4.8565068e-05
   3.8113462e-05
   3.1137384e-05
   2.7548152e-05
   2.7257081e-05
   3.0175488e-05
   3.6214689e-05
   4.5285999e-05
   5.7209950e-05
   7.1416955e-05
   8.7170419e-05
   1.0383348e-04
   1.2080095e-04
   1.3746764e-04
   1.5322837e-04
   1.6747796e-04
   1.7962050e-04
   1.8913856e-04
   1.9568934e-04
   1.9897137e-04
   1.9880964e-04
   1.9558272e-04
   1.8998639e-04
   1.8276414e-04
   1.7465945e-04
   1.6634148e-04
   1.5818213e-04
   1.5047900e-04
   1.4352968e-04
   1.3763175e-04
   1.3308280e-04
   1.3010387e-04
   1.2855919e-04
   1.2803435e-04
   1.2806436e-04
   1.2818426e-04
   1.2792908e-04
   1.2683386e-04
   1.2457108e-04
   1.2136311e-04
   1.1756978e-04
   1.1355089e-04
   1.0966628e-04
   1.0620873e-04
   1.0320292e-04
   1.0060649e-04
   9.8377073e-05
   9.6472319e-05
   9.4814093e-05
   9.3181172e-05
   9.1316559e-05
   8.8963259e-05
   8.5864275e-05
   8.1908367e-05
   7.7567313e-05
   7.3458646e-05
   7.0199900e-05
   6.8286991e-05
   6.7729374e-05
   6.8414889e-05
   7.0231374e-05
   7.3032598e-05
   7.6536047e-05
   8.0425137e-05
   8.4383284e-05
   8.8093905e-05
   9.1312559e-05
   9.4083389e-05
   9.6522684e-05
   9.8746730e-05
   1.0087182e-04
   1.0302708e-04
   1.0534661e-04
   1.0779134e-04
   1.1027572e-04
   1.1271420e-04
   1.1502124e-04
   1.1711127e-04
   1.1889876e-04
   1.2029815e-04
   1.2124460e-04
   1.2175607e-04
   1.2187125e-04
   1.2162880e-04
   1.2106741e-04
   1.2022575e-04
   1.1914250e-04
   1.1785633e-04
   1.1641373e-04
   1.1489247e-04
   1.1337814e-04
   1.1195631e-04
   1.1071258e-04
   1.0973253e-04
   1.0910174e-04
   1.0888329e-04
   1.0905029e-04
   1.0955335e-04
