   1.7618347e-01
   1.7089154e-01
   1.6547884e-01
   1.5995927e-01
   1.5434959e-01
   1.4866656e-01
   1.4292695e-01
   1.3714751e-01
   1.3134499e-01
   1.2553616e-01
   1.1973778e-01
   1.1396661e-01
   1.0823940e-01
   1.0257291e-01
   9.6983909e-02
   9.1489147e-02
   8.6105386e-02
   8.0849386e-02
   7.5737904e-02
   7.0787700e-02
   6.6015533e-02
   6.1438162e-02
   5.7072346e-02
   5.2934844e-02
   4.9042416e-02
   4.5411729e-02
   4.2055446e-02
   3.8971539e-02
   3.6154331e-02
   3.3598145e-02
   3.1297302e-02
   2.9246125e-02
   2.7438937e-02
   2.5870061e-02
   2.4533819e-02
   2.3424534e-02
   2.2536528e-02
   2.1864124e-02
   2.1401644e-02
   2.1143412e-02
   2.1083749e-02
   2.1216977e-02
   2.1537421e-02
   2.2039402e-02
   2.2717243e-02
   2.3565266e-02
   2.4577794e-02
   2.5749150e-02
   2.7073656e-02
   2.8545635e-02
   3.0159409e-02
   3.1909301e-02
   3.3789633e-02
   3.5794728e-02
   3.7918909e-02
   4.0154876e-02
   4.2490227e-02
   4.4916465e-02
   4.7426473e-02
   5.0013139e-02
   5.2669346e-02
   5.5387979e-02
   5.8161924e-02
   6.0984065e-02
   6.3847288e-02
   6.6744477e-02
   6.9668518e-02
   7.2612295e-02
   7.5568694e-02
   7.8530599e-02
   8.1490895e-02
   8.4442468e-02
   8.7378203e-02
   9.0290984e-02
   9.3173696e-02
   9.6019225e-02
   9.8820455e-02
   1.0157027e-01
   1.0426156e-01
   1.0688720e-01
   1.0944009e-01
   1.1191310e-01
   1.1429913e-01
   1.1659105e-01
   1.1878175e-01
   1.2086412e-01
   1.2283104e-01
   1.2467539e-01
   1.2639007e-01
   1.2796795e-01
   1.2940193e-01
   1.3068488e-01
   1.3180969e-01
   1.3276925e-01
   1.3355644e-01
   1.3416415e-01
   1.3458646e-01
   1.3482311e-01
   1.3487860e-01
   1.3475828e-01
   1.3446752e-01
   1.3401166e-01
   1.3339609e-01
   1.3262615e-01
   1.3170721e-01
   1.3064463e-01
   1.2944376e-01
   1.2810999e-01
   1.2664865e-01
   1.2506512e-01
   1.2336475e-01
   1.2155291e-01
   1.1963496e-01
   1.1761626e-01
   1.1550217e-01
   1.1329805e-01
   1.1100926e-01
   1.0864117e-01
   1.0619913e-01
   1.0368851e-01
   1.0111467e-01
   9.8482965e-02
   9.5798762e-02
   9.3067420e-02
   9.0294301e-02
   8.7484765e-02
   8.4644175e-02
   8.1777892e-02
   7.8891276e-02
   7.5989689e-02
   7.3078492e-02
   7.0163047e-02
   6.7248714e-02
   6.4340854e-02
   6.1444830e-02
   5.8566002e-02
   5.5709732e-02
   5.2881380e-02
   5.0086308e-02
   4.7329878e-02
   4.4617450e-02
   4.1954385e-02
   3.9346045e-02
   3.6797792e-02
   3.4314985e-02
   3.1902987e-02
   2.9567159e-02
   2.7312862e-02
   2.5145457e-02
   2.3070306e-02
   2.1092769e-02
   1.9218208e-02
   1.7451984e-02
   1.5799459e-02
   1.4265993e-02
   1.2856948e-02
   1.1577685e-02
   1.0433565e-02
   9.4299495e-03
   8.5722000e-03
   7.8652487e-03
   7.3111370e-03
   6.9067771e-03
   6.6480288e-03
   6.5311309e-03
   6.5524153e-03
   6.7082137e-03
   6.9948579e-03
   7.4086795e-03
   7.9460105e-03
   8.6031825e-03
   9.3765273e-03
   1.0262377e-02
   1.1257062e-02
   1.2356916e-02
   1.3558270e-02
   1.4857455e-02
   1.6250804e-02
   1.7734647e-02
   1.9305318e-02
   2.0959147e-02
   2.2692467e-02
   2.4501609e-02
   2.6382905e-02
   2.8332687e-02
   3.0347286e-02
   3.2423034e-02
   3.4556264e-02
   3.6743306e-02
   3.8980492e-02
   4.1264155e-02
   4.3590626e-02
   4.5956237e-02
   4.8357319e-02
   5.0790205e-02
   5.3251226e-02
   5.5736714e-02
   5.8243000e-02
   6.0766417e-02
   6.3303295e-02
   6.5849968e-02
   6.8402767e-02
   7.0958022e-02
   7.3512067e-02
   7.6061233e-02
   7.8601852e-02
   8.1130255e-02
   8.3642775e-02
   8.6135742e-02
   8.8605490e-02
   9.1048348e-02
   9.3460650e-02
   9.5838728e-02
   9.8178912e-02
   1.0047753e-01
   1.0273093e-01
   1.0493542e-01
   1.0708735e-01
   1.0918305e-01
   1.1121884e-01
   1.1319106e-01
   1.1509604e-01
   1.1693011e-01
   1.1868992e-01
   1.2037353e-01
   1.2198055e-01
   1.2351167e-01
   1.2496774e-01
   1.2634947e-01
   1.2765753e-01
   1.2889260e-01
   1.3005536e-01
   1.3114648e-01
   1.3216664e-01
   1.3311651e-01
   1.3399678e-01
   1.3480811e-01
   1.3555118e-01
   1.3622667e-01
   1.3683525e-01
   1.3737760e-01
   1.3785440e-01
   1.3826632e-01
   1.3861403e-01
   1.3889822e-01
   1.3911955e-01
   1.3927871e-01
   1.3937637e-01
   1.3941321e-01
   1.3938990e-01
   1.3930711e-01
   1.3916553e-01
   1.3896583e-01
   1.3870868e-01
   1.3839476e-01
   1.3802476e-01
   1.3759933e-01
   1.3711916e-01
   1.3658493e-01
   1.3599730e-01
   1.3535697e-01
   1.3466459e-01
   1.3392085e-01
   1.3312643e-01
   1.3228199e-01
   1.3138822e-01
   1.3044579e-01
   1.2945538e-01
   1.2841766e-01
   1.2733331e-01
   1.2620300e-01
   1.2502742e-01
   1.2380723e-01
   1.2254311e-01
   1.2123574e-01
   1.1988579e-01
   1.1849394e-01
   1.1706087e-01
   1.1558725e-01
   1.1407375e-01
   1.1252106e-01
   1.1092984e-01
   1.0930079e-01
   1.0763456e-01
   1.0593183e-01
   1.0419329e-01
   1.0241961e-01
   1.0061146e-01
   9.8769520e-02
   9.6894465e-02
   9.4986971e-02
   9.3047714e-02
   9.1077370e-02
   8.9076614e-02
   8.7046123e-02
   8.4986572e-02
   8.2898637e-02
   8.0782995e-02
   7.8640320e-02
   7.6471288e-02
   7.4276576e-02
   7.2056860e-02
   6.9812814e-02
   6.7545116e-02
   6.5254440e-02
   6.2941463e-02
   6.0606861e-02
   5.8251308e-02
   5.5875482e-02
   5.3480058e-02
   5.1065712e-02
   4.8633120e-02
   4.6182957e-02
   4.3715899e-02
   4.1232623e-02
   3.8733803e-02
   3.6220109e-02
   3.3692156e-02
   3.1150463e-02
   2.8595473e-02
   2.6027608e-02
   2.3447289e-02
   2.0854936e-02
   1.8251051e-02
   1.5636554e-02
   1.3012610e-02
   1.0380418e-02
   7.7411780e-03
   5.0960913e-03
   2.4463578e-03
   2.0682237e-04
   2.8622488e-03
   5.5187214e-03
   8.1750398e-03
   1.0830004e-02
   1.3482413e-02
   1.6131067e-02
   1.8774766e-02
   2.1412310e-02
   2.4042497e-02
   2.6664129e-02
   2.9276004e-02
   3.1876923e-02
   3.4465685e-02
   3.7041090e-02
   3.9601937e-02
   4.2147027e-02
   4.4675159e-02
   4.7185133e-02
   4.9675748e-02
   5.2145805e-02
   5.4594103e-02
   5.7019442e-02
   5.9420621e-02
   6.1796440e-02
   6.4145700e-02
   6.6467199e-02
   6.8759737e-02
   7.1022115e-02
   7.3253132e-02
   7.5451588e-02
   7.7616281e-02
   7.9746013e-02
   8.1839583e-02
   8.3895791e-02
   8.5913436e-02
   8.7891318e-02
   8.9828237e-02
   9.1722992e-02
   9.3574384e-02
   9.5381212e-02
   9.7142275e-02
   9.8856374e-02
   1.0052231e-01
   1.0213888e-01
   1.0370488e-01
   1.0521912e-01
   1.0668039e-01
   1.0808750e-01
   1.0943924e-01
   1.1073441e-01
   1.1197182e-01
   1.1315026e-01
   1.1426853e-01
   1.1532544e-01
   1.1631977e-01
   1.1725034e-01
   1.1811594e-01
   1.1891537e-01
   1.1964744e-01
   1.2031093e-01
   1.2090465e-01
   1.2142741e-01
   1.2187799e-01
   1.2225521e-01
   1.2255785e-01
   1.2278472e-01
   1.2293462e-01
   1.2300635e-01
   1.2299871e-01
   1.2291050e-01
   1.2274051e-01
   1.2248755e-01
   1.2215042e-01
   1.2172792e-01
   1.2121884e-01
   1.2062199e-01
   1.1993617e-01
   1.1916017e-01
   1.1829280e-01
   1.1733289e-01
   1.1627951e-01
   1.1513211e-01
   1.1389077e-01
   1.1255644e-01
   1.1113116e-01
   1.0961733e-01
   1.0801738e-01
   1.0633372e-01
   1.0456879e-01
   1.0272500e-01
   1.0080479e-01
   9.8810578e-02
   9.6744785e-02
   9.4609838e-02
   9.2408162e-02
   9.0142181e-02
   8.7814320e-02
   8.5427003e-02
   8.2982655e-02
   8.0483700e-02
   7.7932563e-02
   7.5331668e-02
   7.2683440e-02
   6.9990303e-02
   6.7254682e-02
   6.4479001e-02
   6.1665685e-02
   5.8817159e-02
   5.5935846e-02
   5.3024172e-02
   5.0084561e-02
   4.7119437e-02
   4.4131225e-02
   4.1122350e-02
   3.8095236e-02
   3.5052307e-02
   3.1995988e-02
   2.8928703e-02
   2.5852878e-02
   2.2770936e-02
   1.9685302e-02
   1.6598401e-02
   1.3512656e-02
   1.0430494e-02
   7.3543373e-03
   4.2866114e-03
   1.2297406e-03
   1.8138505e-03
   4.8417374e-03
   7.8514957e-03
   1.0840701e-02
   1.3806928e-02
   1.6747753e-02
   1.9660752e-02
   2.2543499e-02
   2.5393570e-02
   2.8208541e-02
   3.0985988e-02
   3.3723485e-02
   3.6418608e-02
   3.9068933e-02
   4.1672035e-02
   4.4225490e-02
   4.6726872e-02
   4.9173759e-02
   5.1563724e-02
   5.3894344e-02
   5.6163195e-02
   5.8367850e-02
   6.0505887e-02
   6.2574880e-02
   6.4572406e-02
   6.6496039e-02
   6.8343358e-02
   7.0111969e-02
   7.1799533e-02
   7.3403892e-02
   7.4923336e-02
   7.6356443e-02
   7.7702005e-02
   7.8959196e-02
   8.0127431e-02
   8.1206411e-02
   8.2196130e-02
   8.3096836e-02
   8.3908989e-02
   8.4633179e-02
   8.5270154e-02
   8.5820819e-02
   8.6286214e-02
   8.6667524e-02
   8.6966145e-02
   8.7183781e-02
   8.7322528e-02
   8.7384598e-02
   8.7372211e-02
   8.7287586e-02
   8.7132944e-02
   8.6910504e-02
   8.6622485e-02
   8.6271109e-02
   8.5858594e-02
   8.5387160e-02
   8.4859028e-02
   8.4276416e-02
   8.3641546e-02
   8.2956636e-02
   8.2223906e-02
   8.1445577e-02
   8.0623868e-02
   7.9760998e-02
   7.8859189e-02
   7.7920659e-02
   7.6947628e-02
   7.5942316e-02
   7.4906943e-02
   7.3843635e-02
   7.2754053e-02
   7.1639420e-02
   7.0500874e-02
   6.9339551e-02
   6.8156587e-02
   6.6953121e-02
   6.5730288e-02
   6.4489277e-02
   6.3231482e-02
   6.1958350e-02
   6.0671327e-02
   5.9371858e-02
   5.8061390e-02
   5.6741369e-02
   5.5413241e-02
   5.4078452e-02
   5.2738448e-02
   5.1394606e-02
   5.0047982e-02
   4.8699418e-02
   4.7349722e-02
   4.5999736e-02
   4.4650353e-02
   4.3302507e-02
   4.1957149e-02
   4.0615204e-02
   3.9277463e-02
   3.7944591e-02
   3.6617245e-02
   3.5296146e-02
   3.3981985e-02
   3.2675276e-02
   3.1376419e-02
   3.0085550e-02
   2.8802786e-02
   2.7528179e-02
   2.6261726e-02
   2.5003306e-02
   2.3752756e-02
   2.2509910e-02
   2.1274797e-02
   2.0047895e-02
   1.8830126e-02
   1.7622501e-02
   1.6426268e-02
   1.5242507e-02
   1.4072138e-02
   1.2916053e-02
   1.1775126e-02
   1.0650087e-02
   9.5413916e-03
   8.4493473e-03
   7.3740192e-03
   6.3153757e-03
   5.2733755e-03
   4.2480976e-03
   3.2400871e-03
   2.2499469e-03
   1.2782734e-03
   3.2568310e-04
   6.0720260e-04
   1.5197593e-03
   2.4113501e-03
   3.2813429e-03
   4.1292047e-03
   4.9546468e-03
   5.7573214e-03
   6.5368726e-03
   7.2929959e-03
   8.0253718e-03
   8.7336926e-03
   9.4176358e-03
   1.0076574e-02
   1.0709874e-02
   1.1316835e-02
   1.1896727e-02
   1.2448858e-02
   1.2972594e-02
   1.3467055e-02
   1.3931325e-02
   1.4364542e-02
   1.4766054e-02
   1.5135382e-02
   1.5472076e-02
   1.5775686e-02
   1.6045764e-02
   1.6281905e-02
   1.6483696e-02
   1.6650671e-02
   1.6782363e-02
   1.6878389e-02
   1.6938550e-02
   1.6963026e-02
   1.6953006e-02
   1.6910052e-02
   1.6835760e-02
   1.6731837e-02
   1.6600427e-02
   1.6443792e-02
   1.6264180e-02
   1.6063567e-02
   1.5843533e-02
   1.5605628e-02
   1.5351337e-02
   1.5082121e-02
   1.4799441e-02
   1.4504780e-02
   1.4199722e-02
   1.3885927e-02
   1.3565079e-02
   1.3238804e-02
   1.2908339e-02
   1.2574571e-02
   1.2238136e-02
   1.1899398e-02
   1.1558743e-02
   1.1216578e-02
   1.0873309e-02
   1.0529427e-02
   1.0185780e-02
   9.8433229e-03
   9.5028270e-03
   9.1646744e-03
   8.8290082e-03
   8.4957581e-03
   8.1648070e-03
   7.8360382e-03
   7.5093346e-03
   7.1846876e-03
   6.8625677e-03
   6.5437203e-03
   6.2288730e-03
   5.9187146e-03
   5.6138186e-03
   5.3146373e-03
   5.0215862e-03
   4.7349793e-03
   4.4548917e-03
   4.1813165e-03
   3.9142405e-03
   3.6536500e-03
   3.3995316e-03
   3.1518719e-03
   2.9106573e-03
   2.6758671e-03
   2.4475105e-03
   2.2258405e-03
   2.0112294e-03
   1.8040640e-03
   1.6047134e-03
   1.4134255e-03
   1.2302241e-03
   1.0550788e-03
   8.8793333e-04
   7.2867337e-04
   5.7715685e-04
   4.3320183e-04
   2.9661672e-04
   1.6725756e-04
   4.5170807e-05
   6.9549480e-05
   1.7680923e-04
   2.7651924e-04
   3.6858598e-04
   4.5282584e-04
   5.2903143e-04
   5.9700764e-04
   6.5660827e-04
   7.0770401e-04
   7.5017861e-04
   7.8387489e-04
   8.0852406e-04
   8.2381117e-04
   8.2966581e-04
   8.2673696e-04
   8.1584841e-04
   7.9782397e-04
   7.7348744e-04
   7.4372333e-04
   7.0966776e-04
   6.7254314e-04
   6.3353023e-04
   5.9366950e-04
   5.5359565e-04
   5.1357788e-04
   4.7381208e-04
   4.3457409e-04
   3.9623313e-04
   3.5916682e-04
   3.2375643e-04
   2.9053474e-04
   2.5996409e-04
   2.3243012e-04
   2.0824837e-04
   1.8764293e-04
   1.7063484e-04
   1.5686995e-04
   1.4599321e-04
   1.3767276e-04
   1.3157674e-04
   1.2737329e-04
   1.2472586e-04
   1.2324248e-04
   1.2239946e-04
   1.2171568e-04
   1.2072981e-04
   1.1898057e-04
   1.1600662e-04
   1.1134667e-04
   1.0476495e-04
   9.6927854e-05
   8.8727332e-05
   8.1055326e-05
   7.4803781e-05
   7.0723261e-05
   6.8998824e-05
   6.9674147e-05
   7.2792908e-05
   7.8398786e-05
   8.6535459e-05
   9.7234908e-05
   1.1017414e-04
   1.2378575e-04
   1.3619415e-04
   1.4552374e-04
   1.4989893e-04
   1.4800384e-04
   1.4076133e-04
   1.2965397e-04
   1.1616434e-04
   1.0177500e-04
   8.7918201e-05
   7.5778346e-05
   6.6303334e-05
   6.0394519e-05
   5.8953252e-05
   6.2491142e-05
   6.9960826e-05
   7.9925198e-05
   9.0947153e-05
   1.0158958e-04
   1.1051527e-04
   1.1695574e-04
   1.2091938e-04
   1.2258379e-04
   1.2212656e-04
   1.1972531e-04
   1.1564662e-04
   1.1046179e-04
   1.0462597e-04
   9.8543083e-05
   9.2617025e-05
   8.7251700e-05
   8.2851013e-05
   7.9788931e-05
   7.8246144e-05
   7.8079248e-05
   7.9071304e-05
   8.1005370e-05
   8.3664507e-05
   8.6831773e-05
   9.0290227e-05
   9.3829394e-05
   9.7272555e-05
   1.0048432e-04
   1.0335282e-04
   1.0577986e-04
   1.0767075e-04
   1.0892753e-04
   1.0944983e-04
   1.0913692e-04
   1.0788803e-04
   1.0559790e-04
   1.0217209e-04
   9.7696676e-05
   9.2595978e-05
   8.7479161e-05
   8.2909275e-05
   7.9326680e-05
   7.6987685e-05
   7.6106647e-05
   7.6897926e-05
   7.9575882e-05
   8.4267470e-05
   9.0709637e-05
   9.8390359e-05
   1.0675722e-04
   1.1525780e-04
   1.2333968e-04
   1.3045045e-04
   1.3611785e-04
   1.4021047e-04
   1.4275764e-04
   1.4380889e-04
   1.4341372e-04
   1.4162163e-04
   1.3848322e-04
   1.3410236e-04
   1.2878011e-04
   1.2286651e-04
   1.1671164e-04
   1.1066554e-04
   1.0506663e-04
   1.0020681e-04
   9.6305831e-05
   9.3341656e-05
   9.1231776e-05
   8.9893683e-05
   8.9244870e-05
   8.9202828e-05
   8.9695069e-05
   9.0654384e-05
   9.1884415e-05
   9.3154015e-05
   9.4232036e-05
   9.4887328e-05
   9.4888744e-05
   9.4005135e-05
   9.2066431e-05
   8.9165332e-05
   8.5529449e-05
   8.1404849e-05
   7.7037598e-05
   7.2673766e-05
   6.8559420e-05
   6.4940627e-05
   6.2058000e-05
   6.0089240e-05
   5.9042230e-05
   5.8883765e-05
   5.9580640e-05
   6.1099647e-05
   6.3407582e-05
   6.6471237e-05
   7.0257408e-05
   7.4707204e-05
   7.9635337e-05
   8.4726100e-05
   8.9614822e-05
   9.3987191e-05
   9.7544007e-05
   9.9986069e-05
   1.0101418e-04
   1.0032914e-04
   9.7749065e-05
   9.3572820e-05
   8.8268472e-05
   8.2340027e-05
   7.6297617e-05
   7.0651372e-05
   6.5911425e-05
   6.2587905e-05
   6.1154964e-05
   6.1914326e-05
   6.4972836e-05
   7.0229362e-05
   7.7537905e-05
   8.6752463e-05
   9.7727038e-05
   1.1030585e-04
   1.2429404e-04
   1.3943631e-04
   1.5522368e-04
   1.7089168e-04
   1.8562463e-04
   1.9860685e-04
   2.0902266e-04
   2.1605638e-04
   2.1889233e-04
   2.1697663e-04
   2.1081885e-04
   2.0125565e-04
   1.8914003e-04
   1.7532499e-04
   1.6066351e-04
   1.4600860e-04
   1.3214480e-04
   1.1960287e-04
   1.0892492e-04
   1.0067300e-04
   9.5409194e-05
   9.3461171e-05
   9.4219119e-05
   9.6838846e-05
   1.0047616e-04
   1.0427787e-04
   1.0747198e-04
   1.0974604e-04
   1.1090475e-04
   1.1075283e-04
   1.0909498e-04
   1.0584065e-04
   1.0131827e-04
   9.5961017e-05
   9.0202081e-05
   8.4474640e-05
   7.9161907e-05
   7.4444644e-05
   7.0443258e-05
   6.7275561e-05
   6.5059367e-05
   6.3912488e-05
   6.3952735e-05
   6.5239090e-05
   6.7595200e-05
   7.0785882e-05
   7.4575953e-05
   7.8730230e-05
   8.3013530e-05
   8.7190667e-05
   9.1046187e-05
   9.4427398e-05
   9.7136760e-05
   9.8960593e-05
   9.9685215e-05
   9.9096945e-05
   9.7045965e-05
   9.3637919e-05
   8.9042313e-05
   8.3428653e-05
   7.6966446e-05
   7.0007695e-05
   6.3592749e-05
   5.8777906e-05
   5.6577824e-05
   5.8007161e-05
   6.3893582e-05
   7.4185261e-05
   8.8117338e-05
   1.0479345e-04
   1.2331723e-04
   1.4282734e-04
   1.6246997e-04
   1.8089599e-04
   1.9662365e-04
   2.0817121e-04
   2.1405694e-04
   2.1322696e-04
   2.0633889e-04
   1.9447820e-04
   1.7873037e-04
   1.6018087e-04
   1.3991518e-04
   1.1902186e-04
   9.8481490e-05
   7.8796231e-05
   6.0347892e-05
   4.3518281e-05
   2.8689203e-05
   1.6242465e-05
   6.5598729e-06
   2.3232324e-08
   2.9856503e-06
   2.1845153e-06
   2.2646968e-06
   9.9168010e-06
   2.0270547e-05
   3.2779091e-05
   4.6884098e-05
   6.2027236e-05
   7.7650170e-05
   9.3194567e-05
   1.0810209e-04
   1.2181442e-04
   1.3377320e-04
   1.4342012e-04
   1.5019683e-04
   1.5354500e-04
   1.5312883e-04
   1.4952391e-04
   1.4359885e-04
   1.3615721e-04
