   3.1930512e-01
   3.2352886e-01
   3.2761503e-01
   3.3155936e-01
   3.3535754e-01
   3.3900529e-01
   3.4249832e-01
   3.4583233e-01
   3.4900304e-01
   3.5200616e-01
   3.5483739e-01
   3.5749244e-01
   3.5996703e-01
   3.6225686e-01
   3.6435765e-01
   3.6626509e-01
   3.6797492e-01
   3.6948282e-01
   3.7078451e-01
   3.7187571e-01
   3.7275212e-01
   3.7340944e-01
   3.7384340e-01
   3.7404970e-01
   3.7402404e-01
   3.7376215e-01
   3.7325972e-01
   3.7251247e-01
   3.7151665e-01
   3.7027167e-01
   3.6878167e-01
   3.6705184e-01
   3.6508735e-01
   3.6289337e-01
   3.6047510e-01
   3.5783771e-01
   3.5498637e-01
   3.5192627e-01
   3.4866258e-01
   3.4520049e-01
   3.4154518e-01
   3.3770181e-01
   3.3367558e-01
   3.2947166e-01
   3.2509523e-01
   3.2055147e-01
   3.1584555e-01
   3.1098267e-01
   3.0596799e-01
   3.0080669e-01
   2.9550396e-01
   2.9006498e-01
   2.8449491e-01
   2.7879895e-01
   2.7298227e-01
   2.6705005e-01
   2.6100746e-01
   2.5485970e-01
   2.4861193e-01
   2.4226934e-01
   2.3583710e-01
   2.2932040e-01
   2.2272441e-01
   2.1605432e-01
   2.0931529e-01
   2.0251246e-01
   1.9565062e-01
   1.8873391e-01
   1.8176621e-01
   1.7475140e-01
   1.6769361e-01
   1.6059702e-01
   1.5346583e-01
   1.4630421e-01
   1.3911635e-01
   1.3190643e-01
   1.2467865e-01
   1.1743718e-01
   1.1018621e-01
   1.0292993e-01
   9.5672527e-02
   8.8418179e-02
   8.1171073e-02
   7.3935396e-02
   6.6715333e-02
   5.9515070e-02
   5.2338791e-02
   4.5190682e-02
   3.8074928e-02
   3.0995716e-02
   2.3957229e-02
   1.6963654e-02
   1.0019176e-02
   3.1279806e-03
   3.7057475e-03
   1.0477823e-02
   1.7184059e-02
   2.3820272e-02
   3.0382276e-02
   3.6865885e-02
   4.3266915e-02
   4.9581179e-02
   5.5804492e-02
   6.1932670e-02
   6.7961526e-02
   7.3886876e-02
   7.9704533e-02
   8.5410313e-02
   9.1000030e-02
   9.6469499e-02
   1.0181453e-01
   1.0703095e-01
   1.1211456e-01
   1.1706118e-01
   1.2186663e-01
   1.2652672e-01
   1.3103726e-01
   1.3539407e-01
   1.3959296e-01
   1.4362975e-01
   1.4750026e-01
   1.5120029e-01
   1.5472566e-01
   1.5807263e-01
   1.6123921e-01
   1.6422385e-01
   1.6702501e-01
   1.6964188e-01
   1.7207660e-01
   1.7433205e-01
   1.7641112e-01
   1.7831668e-01
   1.8005163e-01
   1.8161884e-01
   1.8302120e-01
   1.8426159e-01
   1.8534289e-01
   1.8626798e-01
   1.8703974e-01
   1.8766107e-01
   1.8813484e-01
   1.8846393e-01
   1.8865123e-01
   1.8869961e-01
   1.8861196e-01
   1.8839117e-01
   1.8804012e-01
   1.8756168e-01
   1.8695874e-01
   1.8623419e-01
   1.8539090e-01
   1.8443176e-01
   1.8335965e-01
   1.8217745e-01
   1.8088804e-01
   1.7949432e-01
   1.7799915e-01
   1.7640543e-01
   1.7471603e-01
   1.7293384e-01
   1.7106174e-01
   1.6910261e-01
   1.6705934e-01
   1.6493480e-01
   1.6273188e-01
   1.6045347e-01
   1.5810244e-01
   1.5568167e-01
   1.5319406e-01
   1.5064247e-01
   1.4802981e-01
   1.4535893e-01
   1.4263274e-01
   1.3985411e-01
   1.3702592e-01
   1.3415106e-01
   1.3123241e-01
   1.2827285e-01
   1.2527526e-01
   1.2224253e-01
   1.1917754e-01
   1.1608317e-01
   1.1296230e-01
   1.0981782e-01
   1.0665261e-01
   1.0346955e-01
   1.0027152e-01
   9.7061477e-02
   9.3842587e-02
   9.0617890e-02
   8.7390322e-02
   8.4162560e-02
   8.0936963e-02
   7.7715469e-02
   7.4499460e-02
   7.1289788e-02
   6.8087192e-02
   6.4892413e-02
   6.1706193e-02
   5.8529271e-02
   5.5362389e-02
   5.2206287e-02
   4.9061705e-02
   4.5929385e-02
   4.2810068e-02
   3.9704493e-02
   3.6613402e-02
   3.3537535e-02
   3.0477633e-02
   2.7434437e-02
   2.4408687e-02
   2.1401124e-02
   1.8412489e-02
   1.5443522e-02
   1.2494965e-02
   9.5675573e-03
   6.6620402e-03
   3.7791543e-03
   9.1964032e-04
   1.9157611e-03
   4.7263092e-03
   7.5112633e-03
   1.0269883e-02
   1.3001427e-02
   1.5705155e-02
   1.8380326e-02
   2.1026200e-02
   2.3642035e-02
   2.6227092e-02
   2.8780629e-02
   3.1301907e-02
   3.3790183e-02
   3.6244717e-02
   3.8664769e-02
   4.1049599e-02
   4.3398464e-02
   4.5710625e-02
   4.7985341e-02
   5.0221872e-02
   5.2419475e-02
   5.4577412e-02
   5.6694941e-02
   5.8771321e-02
   6.0805812e-02
   6.2797674e-02
   6.4746164e-02
   6.6650543e-02
   6.8510071e-02
   7.0324005e-02
   7.2091606e-02
   7.3812133e-02
   7.5484846e-02
   7.7109002e-02
   7.8683863e-02
   8.0208687e-02
   8.1682733e-02
   8.3105261e-02
   8.4475530e-02
   8.5792800e-02
   8.7056329e-02
   8.8265377e-02
   8.9419203e-02
   9.0517067e-02
   9.1558228e-02
   9.2541945e-02
   9.3467478e-02
   9.4334085e-02
   9.5141027e-02
   9.5887562e-02
   9.6572950e-02
   9.7196450e-02
   9.7757321e-02
   9.8254823e-02
   9.8688215e-02
   9.9056756e-02
   9.9359706e-02
   9.9596324e-02
   9.9765868e-02
   9.9867600e-02
   9.9900918e-02
   9.9865820e-02
   9.9762613e-02
   9.9591731e-02
   9.9353923e-02
   9.9050638e-02
   9.8683249e-02
   9.8253070e-02
   9.7761411e-02
   9.7209586e-02
   9.6598905e-02
   9.5930682e-02
   9.5206227e-02
   9.4426853e-02
   9.3593872e-02
   9.2708596e-02
   9.1772337e-02
   9.0786407e-02
   8.9752118e-02
   8.8670782e-02
   8.7543710e-02
   8.6372216e-02
   8.5157610e-02
   8.3901205e-02
   8.2604313e-02
   8.1268246e-02
   7.9894316e-02
   7.8483835e-02
   7.7038114e-02
   7.5558466e-02
   7.4046203e-02
   7.2502637e-02
   7.0929080e-02
   6.9326844e-02
   6.7697240e-02
   6.6041581e-02
   6.4361179e-02
   6.2657346e-02
   6.0931393e-02
   5.9184633e-02
   5.7418378e-02
   5.5633940e-02
   5.3832631e-02
   5.2015762e-02
   5.0184646e-02
   4.8340595e-02
   4.6484920e-02
   4.4618934e-02
   4.2743949e-02
   4.0861277e-02
   3.8972229e-02
   3.7078118e-02
   3.5180255e-02
   3.3279954e-02
   3.1378525e-02
   2.9477280e-02
   2.7577533e-02
   2.5680594e-02
   2.3787775e-02
   2.1900390e-02
   2.0019749e-02
   1.8147164e-02
   1.6283948e-02
   1.4431413e-02
   1.2590870e-02
   1.0763632e-02
   8.9510109e-03
   7.1543181e-03
   5.3748658e-03
   3.6139662e-03
   1.8729311e-03
   1.5307252e-04
   1.5442975e-03
   3.2178669e-03
   4.8663238e-03
   6.4883561e-03
   8.0826519e-03
   9.6478992e-03
   1.1182786e-02
   1.2686000e-02
   1.4156230e-02
   1.5592163e-02
   1.6992488e-02
   1.8355892e-02
   1.9681064e-02
   2.0966691e-02
   2.2211462e-02
   2.3414065e-02
   2.4573186e-02
   2.5687516e-02
   2.6755941e-02
   2.7778207e-02
   2.8754492e-02
   2.9685085e-02
   3.0570486e-02
   3.1411174e-02
   3.2207611e-02
   3.2960259e-02
   3.3669581e-02
   3.4336036e-02
   3.4960088e-02
   3.5542199e-02
   3.6082829e-02
   3.6582440e-02
   3.7041496e-02
   3.7460456e-02
   3.7839784e-02
   3.8179940e-02
   3.8481387e-02
   3.8744586e-02
   3.8970000e-02
   3.9158089e-02
   3.9309316e-02
   3.9424143e-02
   3.9503031e-02
   3.9546441e-02
   3.9554837e-02
   3.9528679e-02
   3.9468430e-02
   3.9374550e-02
   3.9247503e-02
   3.9087749e-02
   3.8895751e-02
   3.8671969e-02
   3.8416867e-02
   3.8130906e-02
   3.7814547e-02
   3.7468253e-02
   3.7092485e-02
   3.6687704e-02
   3.6254374e-02
   3.5792955e-02
   3.5303909e-02
   3.4787698e-02
   3.4244783e-02
   3.3675628e-02
   3.3080693e-02
   3.2460439e-02
   3.1815330e-02
   3.1145827e-02
   3.0452390e-02
   2.9735484e-02
   2.8995568e-02
   2.8233105e-02
   2.7448556e-02
   2.6642384e-02
   2.5815050e-02
   2.4967016e-02
   2.4098743e-02
   2.3210694e-02
   2.2303330e-02
   2.1377113e-02
   2.0432505e-02
   1.9469968e-02
   1.8489963e-02
   1.7492951e-02
   1.6479498e-02
   1.5450567e-02
   1.4407190e-02
   1.3350237e-02
   1.2280446e-02
   1.1198910e-02
   1.0107080e-02
   9.0064773e-03
   7.8986238e-03
   6.7850414e-03
   5.6672517e-03
   4.5467765e-03
   3.4251375e-03
   2.3038564e-03
   1.1844550e-03
   6.8454915e-05
   1.0426220e-03
   2.1472541e-03
   3.2439197e-03
   4.3310969e-03
   5.4072641e-03
   6.4708996e-03
   7.5204817e-03
   8.5544885e-03
   9.5713984e-03
   1.0569690e-02
   1.1547841e-02
   1.2504329e-02
   1.3437634e-02
   1.4346234e-02
   1.5228606e-02
   1.6083229e-02
   1.6908581e-02
   1.7703141e-02
   1.8465387e-02
   1.9193797e-02
   1.9886849e-02
   2.0543022e-02
   2.1160794e-02
   2.1738642e-02
   2.2275047e-02
   2.2768485e-02
   2.3217435e-02
   2.3620375e-02
   2.3975784e-02
   2.4282140e-02
   2.4537921e-02
   2.4741605e-02
   2.4891671e-02
   2.4986597e-02
   2.5024861e-02
   2.5004941e-02
   2.4925503e-02
   2.4786033e-02
   2.4586631e-02
   2.4328199e-02
   2.4012541e-02
   2.3642090e-02
   2.3219402e-02
   2.2747030e-02
   2.2227527e-02
   2.1663448e-02
   2.1057346e-02
   2.0411776e-02
   1.9729291e-02
   1.9012444e-02
   1.8263791e-02
   1.7485885e-02
   1.6681279e-02
   1.5852527e-02
   1.5002184e-02
   1.4132803e-02
   1.3246939e-02
   1.2347144e-02
   1.1435972e-02
   1.0515979e-02
   9.5897168e-03
   8.6597401e-03
   7.7286026e-03
   6.7988581e-03
   5.8730606e-03
   4.9537639e-03
   4.0435218e-03
   3.1448882e-03
   2.2604170e-03
   1.3926619e-03
   5.4417701e-04
   2.8248398e-04
   1.0847672e-03
   1.8601187e-03
   2.6059847e-03
   3.3198073e-03
   3.9990473e-03
   4.6413003e-03
   5.2442947e-03
   5.8064601e-03
   6.3279186e-03
   6.8105405e-03
   7.2566264e-03
   7.6685115e-03
   8.0485943e-03
   8.3992847e-03
   8.7229862e-03
   9.0218734e-03
   9.2970295e-03
   9.5493187e-03
   9.7796585e-03
   9.9889848e-03
   1.0178357e-02
   1.0349165e-02
   1.0502769e-02
   1.0640495e-02
   1.0763673e-02
   1.0873632e-02
   1.0971633e-02
   1.1058615e-02
   1.1135137e-02
   1.1201101e-02
   1.1255547e-02
   1.1297448e-02
   1.1325942e-02
   1.1340230e-02
   1.1339518e-02
   1.1323145e-02
   1.1291060e-02
   1.1243684e-02
   1.1181524e-02
   1.1105086e-02
   1.1014876e-02
   1.0911399e-02
   1.0795162e-02
   1.0666672e-02
   1.0526433e-02
   1.0374953e-02
   1.0212738e-02
   1.0040293e-02
   9.8581248e-03
   9.6667394e-03
   9.4666465e-03
   9.2583941e-03
   9.0426328e-03
   8.8200378e-03
   8.5912842e-03
   8.3570472e-03
   8.1180021e-03
   7.8748239e-03
   7.6281562e-03
   7.3784999e-03
   7.1262874e-03
   6.8720385e-03
   6.6162987e-03
   6.3596136e-03
   6.1025287e-03
   5.8455895e-03
   5.5893415e-03
   5.3343304e-03
   5.0811065e-03
   4.8301906e-03
   4.5819021e-03
   4.3364362e-03
   4.0938474e-03
   3.8541570e-03
   3.6173868e-03
   3.3835581e-03
   3.1527088e-03
   2.9249184e-03
   2.7001894e-03
   2.4784986e-03
   2.2598495e-03
   2.0444539e-03
   1.8327915e-03
   1.6252646e-03
   1.4222395e-03
   1.2240825e-03
   1.0311597e-03
   8.4385709e-04
   6.6264814e-04
   4.8806158e-04
   3.2063282e-04
   1.6089673e-04
   9.3881436e-06
   1.3335726e-04
   2.6680387e-04
   3.9043678e-04
   5.0378762e-04
   6.0648224e-04
   6.9836138e-04
   7.7952546e-04
   8.5013906e-04
   9.1036906e-04
   9.6038231e-04
   1.0003457e-03
   1.0304260e-03
   1.0507902e-03
   1.0616051e-03
   1.0630323e-03
   1.0551867e-03
   1.0380922e-03
   1.0119218e-03
   9.7734622e-04
   9.3544104e-04
   8.8735817e-04
   8.3424949e-04
   7.7726687e-04
   7.1756218e-04
   6.5630176e-04
   5.9472598e-04
   5.3413200e-04
   4.7572895e-04
   4.2059482e-04
   3.6951893e-04
   3.2299466e-04
   2.8133843e-04
   2.4479191e-04
   2.1339695e-04
   1.8687325e-04
   1.6466605e-04
   1.4624220e-04
   1.3116724e-04
   1.1926084e-04
   1.1035464e-04
   1.0421936e-04
   1.0061105e-04
   9.9171572e-05
   9.9396569e-05
   1.0074594e-04
   1.0268819e-04
   1.0467044e-04
   1.0614391e-04
   1.0667473e-04
   1.0609353e-04
   1.0462182e-04
   1.0259996e-04
   1.0032384e-04
   9.8075207e-05
   9.6135794e-05
   9.4787350e-05
   9.4311618e-05
   9.4990342e-05
   9.7105265e-05
   1.0084068e-04
   1.0599584e-04
   1.1229151e-04
   1.1945266e-04
   1.2720415e-04
   1.3527085e-04
   1.4337761e-04
   1.5124929e-04
   1.5861073e-04
   1.6518681e-04
   1.7070238e-04
   1.7492286e-04
   1.7784598e-04
   1.7976315e-04
   1.8092847e-04
   1.8156923e-04
   1.8191272e-04
   1.8218621e-04
   1.8261701e-04
   1.8343238e-04
   1.8485963e-04
   1.8712602e-04
   1.9043150e-04
   1.9480092e-04
   1.9996947e-04
   2.0560675e-04
   2.1138234e-04
   2.1696583e-04
   2.2202681e-04
   2.2623489e-04
   2.2925964e-04
   2.3079271e-04
   2.3066053e-04
   2.2889793e-04
   2.2558638e-04
   2.2080730e-04
   2.1464216e-04
   2.0717240e-04
   1.9847946e-04
   1.8864478e-04
   1.7780604e-04
   1.6632708e-04
   1.5463347e-04
   1.4314713e-04
   1.3226999e-04
   1.2239895e-04
   1.1393094e-04
   1.0726288e-04
   1.0279168e-04
   1.0079878e-04
   1.0108789e-04
   1.0328402e-04
   1.0699636e-04
   1.1183411e-04
   1.1740646e-04
   1.2332263e-04
   1.2921432e-04
   1.3482811e-04
   1.4003877e-04
   1.4472389e-04
   1.4857348e-04
   1.5122901e-04
   1.5233193e-04
   1.5152369e-04
   1.4844576e-04
   1.4276722e-04
   1.3434340e-04
   1.2354001e-04
   1.1151763e-04
   9.9616689e-05
   8.9177598e-05
   8.1540770e-05
   7.7699339e-05
   7.7242458e-05
   7.9352489e-05
   8.3196917e-05
   8.7853035e-05
   9.2089718e-05
   9.4795022e-05
   9.4909345e-05
   9.1805882e-05
   8.6676227e-05
   8.1493628e-05
   7.8143467e-05
   7.7660994e-05
   8.0219412e-05
   8.5491483e-05
   9.3027467e-05
   1.0223824e-04
   1.1249985e-04
   1.2319624e-04
   1.3374307e-04
   1.4358564e-04
   1.5225618e-04
   1.5930866e-04
   1.6429703e-04
   1.6677526e-04
   1.6629730e-04
   1.6267049e-04
   1.5671570e-04
   1.4950718e-04
   1.4211915e-04
   1.3562587e-04
   1.3110158e-04
   1.2935836e-04
   1.3015960e-04
   1.3300656e-04
   1.3740047e-04
   1.4284258e-04
   1.4883412e-04
   1.5487634e-04
   1.6053920e-04
   1.6566757e-04
   1.7017505e-04
   1.7397524e-04
   1.7698173e-04
   1.7910811e-04
   1.8026799e-04
   1.8037496e-04
   1.7934261e-04
   1.7708455e-04
   1.7351437e-04
   1.6854566e-04
   1.6214269e-04
   1.5447234e-04
   1.4575219e-04
   1.3619978e-04
   1.2603268e-04
   1.1546845e-04
   1.0472465e-04
   9.4018827e-05
   8.3568552e-05
   7.3591380e-05
   6.4304872e-05
   5.5926585e-05
   4.8674079e-05
   4.2764914e-05
   3.8416648e-05
   3.5846840e-05
   3.5273049e-05
   3.6834454e-05
   4.0356702e-05
   4.5587060e-05
   5.2272796e-05
   6.0161175e-05
   6.8999466e-05
   7.8534934e-05
   8.8514847e-05
   9.8686471e-05
   1.0879707e-04
   1.1859392e-04
   1.2782446e-04
   1.3625366e-04
   1.4371390e-04
   1.5005440e-04
   1.5512434e-04
   1.5877293e-04
   1.6084936e-04
   1.6120284e-04
   1.5968256e-04
   1.5623696e-04
   1.5121144e-04
   1.4505064e-04
   1.3819918e-04
   1.3110171e-04
   1.2420287e-04
   1.1796112e-04
   1.1280759e-04
   1.0885621e-04
   1.0613813e-04
   1.0468453e-04
   1.0452656e-04
   1.0569540e-04
   1.0822222e-04
   1.1213817e-04
   1.1741209e-04
   1.2374420e-04
   1.3069546e-04
   1.3780761e-04
   1.4462238e-04
   1.5068153e-04
   1.5552678e-04
   1.5869987e-04
   1.5974254e-04
   1.5836761e-04
   1.5497222e-04
   1.5012457e-04
   1.4439290e-04
   1.3834542e-04
   1.3255034e-04
   1.2757589e-04
   1.2397410e-04
   1.2213931e-04
   1.2207754e-04
   1.2370181e-04
   1.2692512e-04
   1.3166048e-04
   1.3782089e-04
   1.4531937e-04
   1.5406891e-04
   1.6398253e-04
   1.7495471e-04
   1.8676256e-04
   1.9899126e-04
   2.1118265e-04
   2.2287856e-04
   2.3362082e-04
   2.4295128e-04
   2.5041176e-04
   2.5554412e-04
   2.5789017e-04
   2.5699176e-04
   2.5253383e-04
   2.4483253e-04
   2.3458192e-04
   2.2253480e-04
   2.0944394e-04
   1.9606213e-04
   1.8314217e-04
   1.7143683e-04
   1.6154609e-04
   1.5344999e-04
   1.4694107e-04
   1.4180317e-04
   1.3782014e-04
   1.3477583e-04
   1.3245409e-04
   1.3064976e-04
   1.2920174e-04
   1.2795989e-04
   1.2677410e-04
   1.2549425e-04
   1.2397021e-04
   1.2210499e-04
   1.2001403e-04
   1.1786589e-04
   1.1582915e-04
   1.1407237e-04
   1.1272002e-04
   1.1172019e-04
   1.1097687e-04
   1.1039404e-04
   1.0987570e-04
   1.0932583e-04
   1.0864844e-04
   1.0782767e-04
   1.0716835e-04
   1.0705547e-04
   1.0787403e-04
   1.1000900e-04
   1.1369985e-04
   1.1859982e-04
   1.2420038e-04
   1.2998896e-04
   1.3545298e-04
   1.4007985e-04
   1.4335700e-04
   1.4488357e-04
   1.4470564e-04
   1.4298101e-04
   1.3986749e-04
   1.3552288e-04
   1.3010498e-04
   1.2377161e-04
   1.1665384e-04
   1.0886535e-04
   1.0085438e-04
   9.3172889e-05
   8.6376424e-05
   8.1020535e-05
   7.7660769e-05
   7.6852671e-05
   7.9151789e-05
   8.5090515e-05
   9.4890919e-05
   1.0788109e-04
   1.2317143e-04
   1.3987231e-04
   1.5709413e-04
   1.7394727e-04
   1.8954213e-04
   2.0298909e-04
   2.1347042e-04
   2.2057130e-04
   2.2443497e-04
   2.2541930e-04
   2.2390694e-04
   2.2028055e-04
   2.1492279e-04
   2.0821632e-04
   2.0054381e-04
   1.9229553e-04
   1.8391975e-04
   1.7601006e-04
   1.6929775e-04
   1.6454163e-04
   1.6250053e-04
   1.6380721e-04
   1.6834474e-04
   1.7488776e-04
   1.8196532e-04
   1.8810650e-04
   1.9208690e-04
   1.9366840e-04
   1.9285941e-04
   1.8966836e-04
   1.8410367e-04
   1.7621108e-04
   1.6626713e-04
   1.5491394e-04
   1.4288287e-04
   1.3090721e-04
   1.1972021e-04
   1.1005517e-04
   1.0264535e-04
   9.8086552e-05
   9.6339414e-05
   9.6886255e-05
   9.9124183e-05
   1.0245031e-04
   1.0626173e-04
   1.0995557e-04
   1.1292893e-04
   1.1457892e-04
   1.1445486e-04
