   3.1694954e-01
   3.2211360e-01
   3.2697243e-01
   3.3152106e-01
   3.3575488e-01
   3.3966929e-01
   3.4325970e-01
   3.4652151e-01
   3.4945013e-01
   3.5204095e-01
   3.5428938e-01
   3.5619082e-01
   3.5774068e-01
   3.5893435e-01
   3.5976724e-01
   3.6023475e-01
   3.6033229e-01
   3.6005525e-01
   3.5939904e-01
   3.5835907e-01
   3.5693073e-01
   3.5510942e-01
   3.5289056e-01
   3.5026954e-01
   3.4724176e-01
   3.4380263e-01
   3.3994755e-01
   3.3567415e-01
   3.3099050e-01
   3.2591307e-01
   3.2045984e-01
   3.1464882e-01
   3.0849802e-01
   3.0202542e-01
   2.9524903e-01
   2.8818685e-01
   2.8085687e-01
   2.7327710e-01
   2.6546553e-01
   2.5744016e-01
   2.4921900e-01
   2.4082003e-01
   2.3226127e-01
   2.2356071e-01
   2.1473634e-01
   2.0580617e-01
   1.9678820e-01
   1.8770043e-01
   1.7856085e-01
   1.6938747e-01
   1.6019828e-01
   1.5101128e-01
   1.4184447e-01
   1.3271585e-01
   1.2364343e-01
   1.1464519e-01
   1.0573914e-01
   9.6943275e-02
   8.8275598e-02
   7.9754107e-02
   7.1396801e-02
   6.3221678e-02
   5.5244644e-02
   4.7471873e-02
   3.9901923e-02
   3.2531592e-02
   2.5357653e-02
   1.8377183e-02
   1.1587342e-02
   4.9852837e-03
   1.4318338e-03
   7.6668544e-03
   1.3722622e-02
   1.9601978e-02
   2.5307769e-02
   3.0842836e-02
   3.6210023e-02
   4.1412174e-02
   4.6452132e-02
   5.1332741e-02
   5.6056843e-02
   6.0627283e-02
   6.5046903e-02
   6.9318548e-02
   7.3445061e-02
   7.7429284e-02
   8.1274062e-02
   8.4982239e-02
   8.8556656e-02
   9.2000159e-02
   9.5315589e-02
   9.8505792e-02
   1.0157361e-01
   1.0452189e-01
   1.0735346e-01
   1.1007119e-01
   1.1267790e-01
   1.1517644e-01
   1.1756966e-01
   1.1986040e-01
   1.2205151e-01
   1.2414581e-01
   1.2614617e-01
   1.2805542e-01
   1.2987641e-01
   1.3161198e-01
   1.3326497e-01
   1.3483822e-01
   1.3633459e-01
   1.3775691e-01
   1.3910803e-01
   1.4039079e-01
   1.4160803e-01
   1.4276260e-01
   1.4385733e-01
   1.4489509e-01
   1.4587870e-01
   1.4681101e-01
   1.4769530e-01
   1.4853585e-01
   1.4933391e-01
   1.5008815e-01
   1.5079872e-01
   1.5146628e-01
   1.5209150e-01
   1.5267504e-01
   1.5321756e-01
   1.5371973e-01
   1.5418220e-01
   1.5460566e-01
   1.5499074e-01
   1.5533813e-01
   1.5564849e-01
   1.5592247e-01
   1.5616075e-01
   1.5636398e-01
   1.5653282e-01
   1.5666796e-01
   1.5677003e-01
   1.5683972e-01
   1.5687768e-01
   1.5688458e-01
   1.5686108e-01
   1.5680785e-01
   1.5672554e-01
   1.5661482e-01
   1.5647636e-01
   1.5631081e-01
   1.5611885e-01
   1.5590114e-01
   1.5565833e-01
   1.5539110e-01
   1.5510010e-01
   1.5478601e-01
   1.5444947e-01
   1.5409117e-01
   1.5371176e-01
   1.5331190e-01
   1.5289226e-01
   1.5245350e-01
   1.5199628e-01
   1.5152128e-01
   1.5102915e-01
   1.5052055e-01
   1.4999616e-01
   1.4945662e-01
   1.4890262e-01
   1.4833480e-01
   1.4775384e-01
   1.4716040e-01
   1.4655514e-01
   1.4593872e-01
   1.4531182e-01
   1.4467508e-01
   1.4402918e-01
   1.4337478e-01
   1.4271255e-01
   1.4204314e-01
   1.4136734e-01
   1.4068639e-01
   1.4000136e-01
   1.3931349e-01
   1.3862439e-01
   1.3793582e-01
   1.3724891e-01
   1.3656347e-01
   1.3587895e-01
   1.3519480e-01
   1.3451049e-01
   1.3382547e-01
   1.3313921e-01
   1.3245116e-01
   1.3176079e-01
   1.3106755e-01
   1.3037091e-01
   1.2967031e-01
   1.2896523e-01
   1.2825512e-01
   1.2753944e-01
   1.2681764e-01
   1.2608920e-01
   1.2535356e-01
   1.2461019e-01
   1.2385855e-01
   1.2309810e-01
   1.2232829e-01
   1.2154858e-01
   1.2075844e-01
   1.1995733e-01
   1.1914469e-01
   1.1832000e-01
   1.1748271e-01
   1.1663228e-01
   1.1576817e-01
   1.1488984e-01
   1.1399675e-01
   1.1308836e-01
   1.1216413e-01
   1.1122351e-01
   1.1026597e-01
   1.0929097e-01
   1.0829796e-01
   1.0728640e-01
   1.0625576e-01
   1.0520549e-01
   1.0413506e-01
   1.0304392e-01
   1.0193153e-01
   1.0079734e-01
   9.9640834e-02
   9.8461453e-02
   9.7258660e-02
   9.6031916e-02
   9.4780679e-02
   9.3504409e-02
   9.2202565e-02
   9.0874607e-02
   8.9519993e-02
   8.8138184e-02
   8.6728638e-02
   8.5290816e-02
   8.3824175e-02
   8.2328177e-02
   8.0802279e-02
   7.9245942e-02
   7.7658624e-02
   7.6039786e-02
   7.4388886e-02
   7.2705383e-02
   7.0988738e-02
   6.9238410e-02
   6.7453857e-02
   6.5634539e-02
   6.3779917e-02
   6.1889447e-02
   5.9962592e-02
   5.7998809e-02
   5.5997557e-02
   5.3958298e-02
   5.1880489e-02
   4.9763590e-02
   4.7607060e-02
   4.5410359e-02
   4.3172946e-02
   4.0894281e-02
   3.8573822e-02
   3.6211030e-02
   3.3805363e-02
   3.1356494e-02
   2.8865082e-02
   2.6332613e-02
   2.3760864e-02
   2.1151738e-02
   1.8507847e-02
   1.5833006e-02
   1.3133250e-02
   1.0414913e-02
   7.6834407e-03
   4.9440549e-03
   2.2019790e-03
   5.3756425e-04
   3.2693519e-03
   5.9881611e-03
   8.6887690e-03
   1.1365953e-02
   1.4014489e-02
   1.6629156e-02
   1.9204730e-02
   2.1735989e-02
   2.4217708e-02
   2.6644667e-02
   2.9011641e-02
   3.1313408e-02
   3.3544745e-02
   3.5700430e-02
   3.7775238e-02
   3.9763948e-02
   4.1661337e-02
   4.3462181e-02
   4.5161258e-02
   4.6753345e-02
   4.8233219e-02
   4.9595658e-02
   5.0835437e-02
   5.1947335e-02
   5.2926129e-02
   5.3766596e-02
   5.4463512e-02
   5.5011656e-02
   5.5405803e-02
   5.5640732e-02
   5.5711219e-02
   5.5612042e-02
   5.5337977e-02
   5.4883803e-02
   5.4244295e-02
   5.3414231e-02
   5.2389869e-02
   5.1174350e-02
   4.9776273e-02
   4.8205663e-02
   4.6472664e-02
   4.4587418e-02
   4.2560067e-02
   4.0400754e-02
   3.8119621e-02
   3.5726812e-02
   3.3232467e-02
   3.0646731e-02
   2.7979746e-02
   2.5241654e-02
   2.2442597e-02
   1.9592718e-02
   1.6702161e-02
   1.3781066e-02
   1.0839578e-02
   7.8878374e-03
   4.9359880e-03
   1.9941720e-03
   9.2746805e-04
   3.8187896e-03
   6.6696501e-03
   9.4699070e-03
   1.2209418e-02
   1.4878040e-02
   1.7465631e-02
   1.9962048e-02
   2.2357149e-02
   2.4640792e-02
   2.6802833e-02
   2.8833130e-02
   3.0721540e-02
   3.2457922e-02
   3.4032133e-02
   3.5434029e-02
   3.6653469e-02
   3.7680309e-02
   3.8504408e-02
   3.9115623e-02
   3.9503812e-02
   3.9658831e-02
   3.9570538e-02
   3.9230248e-02
   3.8637338e-02
   3.7802174e-02
   3.6739707e-02
   3.5465573e-02
   3.3996008e-02
   3.2348178e-02
   3.0539452e-02
   2.8587205e-02
   2.6508807e-02
   2.4321699e-02
   2.2043600e-02
   1.9692298e-02
   1.7285580e-02
   1.4841233e-02
   1.2377045e-02
   9.9108045e-03
   7.4602978e-03
   5.0427678e-03
   2.6732760e-03
   3.6633868e-04
   1.8635277e-03
   4.0018069e-03
   6.0339826e-03
   7.9455383e-03
   9.7219577e-03
   1.1348898e-02
   1.2812694e-02
   1.4099777e-02
   1.5198608e-02
   1.6106487e-02
   1.6826391e-02
   1.7366875e-02
   1.7742651e-02
   1.7975714e-02
   1.8092457e-02
   1.8122132e-02
   1.8094226e-02
   1.8038287e-02
   1.7984139e-02
   1.7949716e-02
   1.7936107e-02
   1.7934552e-02
   1.7935224e-02
   1.7928369e-02
   1.7903134e-02
   1.7845897e-02
   1.7744228e-02
   1.7595542e-02
   1.7407506e-02
   1.7191503e-02
   1.6959007e-02
   1.6720632e-02
   1.6486694e-02
   1.6265622e-02
   1.6059306e-02
   1.5866351e-02
   1.5684046e-02
   1.5509530e-02
   1.5339661e-02
   1.5170812e-02
   1.4999032e-02
   1.4820603e-02
   1.4632550e-02
   1.4434440e-02
   1.4228245e-02
   1.4016660e-02
   1.3801928e-02
   1.3586287e-02
   1.3371993e-02
   1.3160805e-02
   1.2953848e-02
   1.2751690e-02
   1.2554522e-02
   1.2361882e-02
   1.2172686e-02
   1.1985653e-02
   1.1799376e-02
   1.1612577e-02
   1.1424773e-02
   1.1235610e-02
   1.1044694e-02
   1.0851807e-02
   1.0656780e-02
   1.0459568e-02
   1.0260209e-02
   1.0058663e-02
   9.8549812e-03
   9.6494561e-03
   9.4426784e-03
   9.2353136e-03
   9.0281103e-03
   8.8219228e-03
   8.6173843e-03
   8.4148816e-03
   8.2141294e-03
   8.0147134e-03
   7.8161409e-03
   7.6178923e-03
   7.4194768e-03
   7.2205549e-03
   7.0208117e-03
   6.8201668e-03
   6.6190302e-03
   6.4180998e-03
   6.2179747e-03
   6.0189440e-03
   5.8211454e-03
   5.6246954e-03
   5.4296989e-03
   5.2362552e-03
   5.0445930e-03
   4.8548918e-03
   4.6671419e-03
   4.4806936e-03
   4.2953367e-03
   4.1112277e-03
   3.9285784e-03
   3.7475863e-03
   3.5683923e-03
   3.3911689e-03
   3.2162903e-03
   3.0442544e-03
   2.8755642e-03
   2.7105908e-03
   2.5496528e-03
   2.3929945e-03
   2.2408421e-03
   2.0934475e-03
   1.9510368e-03
   1.8134258e-03
   1.6805933e-03
   1.5524646e-03
   1.4288392e-03
   1.3092064e-03
   1.1929569e-03
   1.0793800e-03
   9.6789268e-04
   8.5887752e-04
   7.5378456e-04
   6.5514697e-04
   5.6532280e-04
   4.8496897e-04
   4.1392142e-04
   3.5146516e-04
   2.9669694e-04
   2.4871140e-04
   2.0677395e-04
   1.7040579e-04
   1.3878655e-04
   1.1222055e-04
   9.2080333e-05
   7.9845812e-05
   7.5410223e-05
   7.6735006e-05
   8.2349641e-05
   9.0927574e-05
   1.0111380e-04
   1.1154980e-04
   1.2090797e-04
   1.2838553e-04
   1.3413904e-04
   1.3868834e-04
   1.4153803e-04
   1.4219779e-04
   1.4079603e-04
   1.3780492e-04
   1.3387326e-04
   1.2968289e-04
   1.2587539e-04
   1.2286669e-04
   1.2069053e-04
   1.1891657e-04
   1.1693356e-04
   1.1469723e-04
   1.1225378e-04
   1.0969682e-04
   1.0713751e-04
   1.0468700e-04
   1.0245645e-04
   1.0055702e-04
   9.9099856e-05
   9.8170020e-05
   9.7903410e-05
   9.8794306e-05
   1.0051989e-04
   1.0248459e-04
   1.0444364e-04
   1.0665400e-04
   1.0926852e-04
   1.1148975e-04
   1.1213623e-04
   1.1129413e-04
   1.0937416e-04
   1.0677482e-04
   1.0387301e-04
   1.0104022e-04
   9.8645025e-05
   9.7114813e-05
   9.6965289e-05
   9.8004403e-05
   9.9803506e-05
   1.0195749e-04
   1.0415426e-04
   1.0640751e-04
   1.0873674e-04
   1.1096998e-04
   1.1287413e-04
   1.1436262e-04
   1.1541914e-04
   1.1612305e-04
   1.1630095e-04
   1.1542953e-04
   1.1301433e-04
   1.0912468e-04
   1.0417018e-04
   9.8675473e-05
   9.3181947e-05
   8.8244441e-05
   8.4424623e-05
   8.2123864e-05
   8.1644724e-05
   8.2864238e-05
   8.5535468e-05
   8.9348247e-05
   9.3799520e-05
   9.8359434e-05
   1.0252680e-04
   1.0590651e-04
   1.0802153e-04
   1.0867694e-04
   1.0776953e-04
   1.0521489e-04
   1.0103625e-04
   9.5543656e-05
   8.9482738e-05
   8.3502986e-05
   7.7827346e-05
   7.2591739e-05
   6.8105326e-05
   6.5188693e-05
   6.4740431e-05
   6.7134096e-05
   7.2195167e-05
   7.9263290e-05
   8.7577422e-05
   9.6376522e-05
   1.0489955e-04
   1.1238661e-04
   1.1807205e-04
   1.2129696e-04
   1.2212154e-04
   1.2120326e-04
   1.1875894e-04
   1.1445004e-04
   1.0829033e-04
   1.0079889e-04
   9.2597103e-05
   8.4306318e-05
   7.6547905e-05
   6.9943227e-05
   6.5109141e-05
   6.2461234e-05
   6.1688252e-05
   6.2453597e-05
   6.4859617e-05
   6.8990380e-05
   7.4896525e-05
   8.2547437e-05
   9.1597084e-05
   1.0165650e-04
   1.1233258e-04
   1.2317358e-04
   1.3368099e-04
   1.4331145e-04
   1.5153692e-04
   1.5760729e-04
   1.6124039e-04
   1.6264913e-04
   1.6214105e-04
   1.6002369e-04
   1.5660459e-04
   1.5219129e-04
   1.4709133e-04
   1.4161227e-04
   1.3615514e-04
   1.3133791e-04
   1.2724378e-04
   1.2379885e-04
   1.2092922e-04
   1.1856102e-04
   1.1662034e-04
   1.1503329e-04
   1.1372598e-04
   1.1259858e-04
   1.1144134e-04
   1.1003783e-04
   1.0833159e-04
   1.0629771e-04
   1.0399885e-04
   1.0152183e-04
   9.8953479e-05
   9.6380607e-05
   9.3890038e-05
   9.1568590e-05
   8.9503084e-05
   8.7797177e-05
   8.6646609e-05
   8.6314538e-05
   8.6828654e-05
   8.7913678e-05
   8.9278176e-05
   9.0643383e-05
   9.1730532e-05
   9.2260857e-05
   9.1955591e-05
   9.0535968e-05
   8.7723222e-05
   8.3373995e-05
   7.7951861e-05
   7.2354455e-05
   6.7660336e-05
   6.4848750e-05
   6.4864751e-05
   6.8653392e-05
   7.6821133e-05
   8.8620065e-05
   1.0289243e-04
   1.1820444e-04
   1.3308704e-04
   1.4612104e-04
   1.5614612e-04
   1.6242409e-04
   1.6431207e-04
   1.6116717e-04
   1.5236769e-04
   1.3776847e-04
   1.1896343e-04
   9.8542102e-05
   7.9245021e-05
   6.3812711e-05
   5.4985699e-05
   5.4659316e-05
   6.1348126e-05
   7.2721499e-05
   8.6448804e-05
   1.0019941e-04
   1.1192433e-04
   1.2068239e-04
   1.2573925e-04
   1.2634182e-04
   1.2170978e-04
   1.1152865e-04
   9.7734521e-05
   8.2751204e-05
   6.8937434e-05
   5.8221218e-05
   5.1299163e-05
   4.7981992e-05
   4.7923399e-05
   5.0655755e-05
   5.5116855e-05
   5.9932903e-05
   6.4608161e-05
   6.8893718e-05
   7.2540666e-05
   7.5300095e-05
   7.7144159e-05
   7.8738650e-05
   8.0205990e-05
   8.1469917e-05
   8.2452148e-05
   8.3074401e-05
   8.3246474e-05
   8.2910006e-05
   8.2288995e-05
   8.1597419e-05
   8.1047991e-05
   8.0859054e-05
   8.1248953e-05
   8.2442517e-05
   8.4615108e-05
   8.7633087e-05
   9.1194898e-05
   9.4837019e-05
   9.8058901e-05
   1.0036000e-04
   1.0123976e-04
   1.0035526e-04
   9.7990834e-05
   9.4575597e-05
   9.0535442e-05
   8.6296267e-05
   8.2283968e-05
   7.8844082e-05
   7.6032325e-05
   7.3950522e-05
   7.2732116e-05
   7.2510551e-05
   7.3419270e-05
   7.5591717e-05
   7.9146203e-05
   8.3981782e-05
   8.9347459e-05
   9.4333509e-05
   9.8030208e-05
   9.9527829e-05
   9.7916650e-05
   9.2682133e-05
   8.4890498e-05
   7.6003152e-05
   6.7481504e-05
   6.0786961e-05
   5.7380931e-05
   5.8328238e-05
   6.3107371e-05
   7.0800236e-05
   8.0488738e-05
   9.1254782e-05
   1.0221283e-04
   1.1259591e-04
   1.2162276e-04
   1.2850046e-04
   1.3243607e-04
   1.3268596e-04
   1.2899875e-04
   1.2235243e-04
   1.1402001e-04
   1.0527786e-04
   9.7413098e-05
   9.1573287e-05
   8.8223408e-05
   8.7088377e-05
   8.7741080e-05
   8.9754401e-05
   9.2694104e-05
   9.6101326e-05
   9.9511234e-05
   1.0242973e-04
   1.0451633e-04
   1.0574220e-04
   1.0615042e-04
   1.0578406e-04
   1.0468619e-04
   1.0291754e-04
   1.0070834e-04
   9.8632209e-05
   9.7082635e-05
   9.6383338e-05
   9.6858044e-05
   9.8794932e-05
   1.0225914e-04
   1.0695683e-04
   1.1251329e-04
   1.1855382e-04
   1.2470373e-04
   1.3058829e-04
   1.3584194e-04
   1.4014105e-04
   1.4321027e-04
   1.4484813e-04
   1.4487028e-04
   1.4309233e-04
   1.3932476e-04
   1.3350672e-04
   1.2616964e-04
   1.1799426e-04
   1.0965436e-04
   1.0179240e-04
   9.4929770e-05
   8.9182258e-05
   8.4565118e-05
   8.1093600e-05
   7.8782955e-05
   7.7633848e-05
   7.7556981e-05
   7.8321955e-05
   7.9666740e-05
   8.1329308e-05
   8.3047630e-05
   8.4559675e-05
   8.5603417e-05
   8.5991911e-05
   8.5838561e-05
   8.5331855e-05
   8.4660284e-05
   8.4012335e-05
   8.3576499e-05
   8.3541265e-05
   8.4095122e-05
   8.5412388e-05
   8.7583532e-05
   9.0558964e-05
   9.4193066e-05
   9.8323006e-05
   1.0278595e-04
   1.0741907e-04
   1.1205953e-04
   1.1654450e-04
   1.2071115e-04
   1.2439665e-04
   1.2743816e-04
   1.2967284e-04
   1.3093788e-04
   1.3107044e-04
   1.2990768e-04
   1.2736838e-04
   1.2369769e-04
   1.1922239e-04
   1.1426925e-04
   1.0916502e-04
   1.0423648e-04
   9.9810397e-05
   9.6186137e-05
   9.3521918e-05
   9.1822246e-05
   9.1060048e-05
   9.1208252e-05
   9.2239786e-05
   9.4127575e-05
   9.6844547e-05
   1.0032680e-04
   1.0437737e-04
   1.0881940e-04
   1.1351975e-04
   1.1846331e-04
   1.2362864e-04
   1.2883862e-04
   1.3386266e-04
   1.3859163e-04
   1.4292700e-04
   1.4660788e-04
   1.4933153e-04
   1.5079520e-04
   1.5069615e-04
   1.4875638e-04
   1.4486566e-04
   1.3921348e-04
   1.3205810e-04
   1.2365777e-04
   1.1427072e-04
   1.0415521e-04
   9.3575307e-05
   8.2831010e-05
   7.2285861e-05
   6.2344641e-05
   5.3419281e-05
   4.5926965e-05
   4.0305899e-05
   3.6986799e-05
   3.6317800e-05
   3.8417886e-05
   4.3004289e-05
   4.9645520e-05
   5.7815620e-05
   6.6884894e-05
   7.6125623e-05
   8.4853171e-05
   9.2784825e-05
   9.9741014e-05
   1.0554217e-04
   1.1000871e-04
   1.1282421e-04
   1.1324208e-04
   1.1093971e-04
   1.0607857e-04
   9.8911869e-05
   8.9692815e-05
   7.8810354e-05
   6.7279405e-05
   5.6638238e-05
   4.8745052e-05
   4.5322313e-05
   4.6902827e-05
   5.2919216e-05
   6.2590959e-05
   7.5119187e-05
   8.9621235e-05
   1.0510153e-04
   1.2034184e-04
   1.3407088e-04
   1.4501735e-04
   1.5190995e-04
   1.5358242e-04
   1.4961019e-04
   1.4096035e-04
   1.2892162e-04
   1.1478273e-04
   9.9832385e-05
   8.5359325e-05
   7.2652270e-05
   6.2775593e-05
   5.5850348e-05
   5.1584431e-05
   4.9619481e-05
   4.9592061e-05
   5.1138729e-05
   5.3896047e-05
   5.7500574e-05
   6.1591312e-05
   6.5817839e-05
   6.9909762e-05
   7.3915965e-05
   7.8033296e-05
   8.2382000e-05
   8.6851403e-05
   9.1275765e-05
   9.5489346e-05
   9.9326407e-05
   1.0262121e-04
   1.0520800e-04
   1.0696504e-04
   1.0794649e-04
   1.0825050e-04
   1.0797522e-04
   1.0721879e-04
   1.0607938e-04
   1.0465513e-04
   1.0302374e-04
   1.0118117e-04
   9.9102925e-05
   9.6764500e-05
   9.4141403e-05
   9.1209139e-05
   8.7943212e-05
   8.4354966e-05
   8.0599100e-05
   7.6866153e-05
   7.3346664e-05
   7.0231170e-05
   6.7710211e-05
   6.5907209e-05
   6.4677113e-05
   6.3807760e-05
   6.3086984e-05
   6.2302618e-05
   6.1242498e-05
   5.9759040e-05
