   2.2747486e-01
   2.3132262e-01
   2.3502398e-01
   2.3857581e-01
   2.4197498e-01
   2.4521837e-01
   2.4830286e-01
   2.5122532e-01
   2.5398263e-01
   2.5657167e-01
   2.5898931e-01
   2.6123243e-01
   2.6329791e-01
   2.6518261e-01
   2.6688342e-01
   2.6839722e-01
   2.6972088e-01
   2.7085127e-01
   2.7178528e-01
   2.7251977e-01
   2.7305163e-01
   2.7337773e-01
   2.7349495e-01
   2.7340017e-01
   2.7309025e-01
   2.7256209e-01
   2.7181254e-01
   2.7083849e-01
   2.6963831e-01
   2.6821627e-01
   2.6657816e-01
   2.6472975e-01
   2.6267682e-01
   2.6042514e-01
   2.5798048e-01
   2.5534862e-01
   2.5253534e-01
   2.4954641e-01
   2.4638761e-01
   2.4306470e-01
   2.3958347e-01
   2.3594970e-01
   2.3216914e-01
   2.2824759e-01
   2.2419081e-01
   2.2000459e-01
   2.1569469e-01
   2.1126689e-01
   2.0672696e-01
   2.0208069e-01
   1.9733384e-01
   1.9249219e-01
   1.8756151e-01
   1.8254759e-01
   1.7745619e-01
   1.7229309e-01
   1.6706407e-01
   1.6177490e-01
   1.5643135e-01
   1.5103920e-01
   1.4560423e-01
   1.4013221e-01
   1.3462891e-01
   1.2910011e-01
   1.2355159e-01
   1.1798864e-01
   1.1241458e-01
   1.0683206e-01
   1.0124370e-01
   9.5652315e-02
   9.0060770e-02
   8.4471926e-02
   7.8888642e-02
   7.3313779e-02
   6.7750198e-02
   6.2200761e-02
   5.6668329e-02
   5.1155761e-02
   4.5665919e-02
   4.0201664e-02
   3.4765858e-02
   2.9361360e-02
   2.3991031e-02
   1.8657734e-02
   1.3364328e-02
   8.1136741e-03
   2.9086341e-03
   2.2479317e-03
   7.3531621e-03
   1.2404196e-02
   1.7398173e-02
   2.2332233e-02
   2.7203513e-02
   3.2009153e-02
   3.6746292e-02
   4.1412070e-02
   4.6003625e-02
   5.0518097e-02
   5.4952624e-02
   5.9304345e-02
   6.3570400e-02
   6.7747928e-02
   7.1834068e-02
   7.5825959e-02
   7.9720739e-02
   8.3515549e-02
   8.7207527e-02
   9.0793812e-02
   9.4271543e-02
   9.7637860e-02
   1.0088990e-01
   1.0402481e-01
   1.0703971e-01
   1.0993176e-01
   1.1269809e-01
   1.1533584e-01
   1.1784215e-01
   1.2021416e-01
   1.2244900e-01
   1.2454426e-01
   1.2649926e-01
   1.2831377e-01
   1.2998762e-01
   1.3152134e-01
   1.3291711e-01
   1.3417753e-01
   1.3530518e-01
   1.3630267e-01
   1.3717257e-01
   1.3791750e-01
   1.3854003e-01
   1.3904276e-01
   1.3942829e-01
   1.3969920e-01
   1.3985810e-01
   1.3990756e-01
   1.3985019e-01
   1.3968858e-01
   1.3942532e-01
   1.3906300e-01
   1.3860421e-01
   1.3805156e-01
   1.3740762e-01
   1.3667500e-01
   1.3585628e-01
   1.3495407e-01
   1.3397094e-01
   1.3290950e-01
   1.3177234e-01
   1.3056204e-01
   1.2928121e-01
   1.2793243e-01
   1.2651830e-01
   1.2504141e-01
   1.2350435e-01
   1.2190972e-01
   1.2026011e-01
   1.1855811e-01
   1.1680631e-01
   1.1500731e-01
   1.1316369e-01
   1.1127806e-01
   1.0935301e-01
   1.0739112e-01
   1.0539499e-01
   1.0336721e-01
   1.0131038e-01
   9.9227085e-02
   9.7119921e-02
   9.4991481e-02
   9.2844356e-02
   9.0681140e-02
   8.8504426e-02
   8.6316805e-02
   8.4120870e-02
   8.1919215e-02
   7.9714432e-02
   7.7509114e-02
   7.5305952e-02
   7.3107983e-02
   7.0918032e-02
   6.8738161e-02
   6.6569193e-02
   6.4411664e-02
   6.2266110e-02
   6.0133070e-02
   5.8013079e-02
   5.5906675e-02
   5.3814395e-02
   5.1736776e-02
   4.9674355e-02
   4.7627668e-02
   4.5597253e-02
   4.3583647e-02
   4.1587386e-02
   3.9609009e-02
   3.7649050e-02
   3.5708049e-02
   3.3786541e-02
   3.1885064e-02
   3.0004154e-02
   2.8144349e-02
   2.6306186e-02
   2.4490201e-02
   2.2696932e-02
   2.0926915e-02
   1.9180687e-02
   1.7458786e-02
   1.5761749e-02
   1.4090112e-02
   1.2444412e-02
   1.0825187e-02
   9.2329730e-03
   7.6683075e-03
   6.1317272e-03
   4.6237693e-03
   3.1449707e-03
   1.6958683e-03
   2.7699920e-04
   1.1110997e-03
   2.4678913e-03
   3.7928388e-03
   5.0854051e-03
   6.3450532e-03
   7.5712462e-03
   8.7634471e-03
   9.9211188e-03
   1.1043725e-02
   1.2130727e-02
   1.3181590e-02
   1.4195775e-02
   1.5172747e-02
   1.6111967e-02
   1.7012900e-02
   1.7875008e-02
   1.8697753e-02
   1.9480600e-02
   2.0223011e-02
   2.0924449e-02
   2.1584377e-02
   2.2202259e-02
   2.2777556e-02
   2.3309733e-02
   2.3798252e-02
   2.4242576e-02
   2.4642169e-02
   2.4996493e-02
   2.5305011e-02
   2.5567304e-02
   2.5783483e-02
   2.5953879e-02
   2.6078625e-02
   2.6158575e-02
   2.6194794e-02
   2.6188346e-02
   2.6140298e-02
   2.6051713e-02
   2.5923657e-02
   2.5757195e-02
   2.5553391e-02
   2.5313311e-02
   2.5038020e-02
   2.4728582e-02
   2.4386063e-02
   2.4011527e-02
   2.3606040e-02
   2.3170666e-02
   2.2706471e-02
   2.2214519e-02
   2.1695875e-02
   2.1151604e-02
   2.0582772e-02
   1.9990442e-02
   1.9375681e-02
   1.8739553e-02
   1.8083123e-02
   1.7407456e-02
   1.6713617e-02
   1.6002671e-02
   1.5275683e-02
   1.4533718e-02
   1.3777840e-02
   1.3009115e-02
   1.2228608e-02
   1.1437384e-02
   1.0636507e-02
   9.8270427e-03
   9.0100560e-03
   8.1866340e-03
   7.3579274e-03
   6.5251276e-03
   5.6898709e-03
   4.8539112e-03
   4.0190023e-03
   3.1868980e-03
   2.3593521e-03
   1.5381183e-03
   7.2495054e-04
   7.8397428e-05
   8.7017181e-04
   1.6486188e-03
   2.4119846e-03
   3.1585154e-03
   3.8864574e-03
   4.5940568e-03
   5.2795598e-03
   5.9412126e-03
   6.5772614e-03
   7.1859524e-03
   7.7655318e-03
   8.3142458e-03
   8.8303406e-03
   9.3120624e-03
   9.7576574e-03
   1.0165372e-02
   1.0533452e-02
   1.0860143e-02
   1.1143693e-02
   1.1382347e-02
   1.1574735e-02
   1.1721024e-02
   1.1821764e-02
   1.1877669e-02
   1.1890194e-02
   1.1861329e-02
   1.1793154e-02
   1.1687752e-02
   1.1547202e-02
   1.1373587e-02
   1.1168987e-02
   1.0935483e-02
   1.0675157e-02
   1.0390089e-02
   1.0082362e-02
   9.7540544e-03
   9.4072492e-03
   9.0440270e-03
   8.6664689e-03
   8.2766560e-03
   7.8766695e-03
   7.4685905e-03
   7.0545000e-03
   6.6364779e-03
   6.2165986e-03
   5.7969353e-03
   5.3795612e-03
   4.9665495e-03
   4.5599732e-03
   4.1619057e-03
   3.7744199e-03
   3.3992880e-03
   3.0370775e-03
   2.6880548e-03
   2.3524861e-03
   2.0306380e-03
   1.7227767e-03
   1.4291687e-03
   1.1500803e-03
   8.8567529e-04
   6.3570656e-04
   3.9989495e-04
   1.7824310e-04
   2.9175873e-05
   2.2228887e-04
   4.0102279e-04
   5.6530451e-04
   7.1506092e-04
   8.5021893e-04
   9.7070543e-04
   1.0764473e-03
   1.1672602e-03
   1.2427045e-03
   1.3029884e-03
   1.3485102e-03
   1.3796677e-03
   1.3968592e-03
   1.4004826e-03
   1.3910012e-03
   1.3690463e-03
   1.3349820e-03
   1.2893836e-03
   1.2335684e-03
   1.1693286e-03
   1.0985356e-03
   1.0230537e-03
   9.4463969e-04
   8.6475194e-04
   7.8487970e-04
   7.0653972e-04
   6.3118339e-04
   5.6000064e-04
   4.9411601e-04
   4.3465404e-04
   3.8247890e-04
   3.3737478e-04
   2.9871205e-04
   2.6582270e-04
   2.3803877e-04
   2.1469224e-04
   1.9511513e-04
   1.7863945e-04
   1.6467441e-04
   1.5300525e-04
   1.4372405e-04
   1.3683416e-04
   1.3229996e-04
   1.3008582e-04
   1.3015614e-04
   1.3247528e-04
   1.3690829e-04
   1.4292848e-04
   1.4993259e-04
   1.5732305e-04
   1.6450230e-04
   1.7087276e-04
   1.7583686e-04
   1.7892744e-04
   1.8019768e-04
   1.7982606e-04
   1.7798978e-04
   1.7486605e-04
   1.7063206e-04
   1.6546502e-04
   1.5951351e-04
   1.5289095e-04
   1.4599959e-04
   1.3932105e-04
   1.3333694e-04
   1.2851234e-04
   1.2521296e-04
   1.2359052e-04
   1.2350620e-04
   1.2475693e-04
   1.2713959e-04
   1.3045110e-04
   1.3448835e-04
   1.3903108e-04
   1.4380981e-04
   1.4861583e-04
   1.5325992e-04
   1.5755287e-04
   1.6130545e-04
   1.6432844e-04
   1.6643263e-04
   1.6748803e-04
   1.6760165e-04
   1.6693974e-04
   1.6566853e-04
   1.6395428e-04
   1.6196323e-04
   1.5986163e-04
   1.5781572e-04
   1.5599176e-04
   1.5454311e-04
   1.5354780e-04
   1.5297517e-04
   1.5277063e-04
   1.5287961e-04
   1.5324752e-04
   1.5381976e-04
   1.5454176e-04
   1.5535893e-04
   1.5621667e-04
   1.5706041e-04
   1.5783556e-04
   1.5848752e-04
   1.5896173e-04
   1.5920357e-04
   1.5916276e-04
   1.5881253e-04
   1.5815620e-04
   1.5720353e-04
   1.5596429e-04
   1.5444825e-04
   1.5266516e-04
   1.5062479e-04
   1.4833691e-04
   1.4581128e-04
   1.4307121e-04
   1.4019418e-04
   1.3727121e-04
   1.3439332e-04
   1.3165153e-04
   1.2913687e-04
   1.2694035e-04
   1.2515299e-04
   1.2386105e-04
   1.2311323e-04
   1.2287994e-04
   1.2311323e-04
   1.2376510e-04
   1.2478758e-04
   1.2613271e-04
   1.2775251e-04
   1.2959900e-04
   1.3162421e-04
   1.3378017e-04
   1.3601890e-04
   1.3829560e-04
   1.4057606e-04
   1.4282122e-04
   1.4498998e-04
   1.4704123e-04
   1.4893389e-04
   1.5062685e-04
   1.5207902e-04
   1.5324931e-04
   1.5409660e-04
   1.5457982e-04
   1.5465785e-04
   1.5428961e-04
   1.5343400e-04
   1.5206475e-04
   1.5022256e-04
   1.4799341e-04
   1.4547088e-04
   1.4274859e-04
   1.3992011e-04
   1.3707905e-04
   1.3431900e-04
   1.3173355e-04
   1.2941630e-04
   1.2746085e-04
   1.2596077e-04
   1.2499051e-04
   1.2454775e-04
   1.2461104e-04
   1.2515890e-04
   1.2616986e-04
   1.2762247e-04
   1.2949524e-04
   1.3176671e-04
   1.3441541e-04
   1.3741634e-04
   1.4071140e-04
   1.4416292e-04
   1.4761429e-04
   1.5090884e-04
   1.5388994e-04
   1.5640095e-04
   1.5828522e-04
   1.5942918e-04
   1.5989155e-04
   1.5977412e-04
   1.5917867e-04
   1.5820700e-04
   1.5696089e-04
   1.5554213e-04
   1.5405251e-04
   1.5259382e-04
   1.5126316e-04
   1.5013533e-04
   1.4926605e-04
   1.4870747e-04
   1.4851174e-04
   1.4873098e-04
   1.4941735e-04
   1.5062299e-04
   1.5240004e-04
   1.5476463e-04
   1.5758889e-04
   1.6070893e-04
   1.6396088e-04
   1.6718085e-04
   1.7020496e-04
   1.7286932e-04
   1.7501006e-04
   1.7646328e-04
   1.7710623e-04
   1.7698060e-04
   1.7616919e-04
   1.7475481e-04
   1.7282028e-04
   1.7044840e-04
   1.6772197e-04
   1.6472382e-04
   1.6154008e-04
   1.5827016e-04
   1.5501682e-04
   1.5188281e-04
   1.4897088e-04
   1.4638378e-04
   1.4422426e-04
   1.4259508e-04
   1.4157083e-04
   1.4111355e-04
   1.4115711e-04
   1.4163540e-04
   1.4248229e-04
   1.4363167e-04
   1.4501741e-04
   1.4657339e-04
   1.4823893e-04
   1.4997502e-04
   1.5174807e-04
   1.5352452e-04
   1.5527077e-04
   1.5695326e-04
   1.5853840e-04
   1.5999262e-04
   1.6128233e-04
   1.6237396e-04
   1.6323719e-04
   1.6385479e-04
   1.6421276e-04
   1.6429713e-04
   1.6409392e-04
   1.6358916e-04
   1.6276885e-04
   1.6161902e-04
   1.6012570e-04
   1.5827490e-04
   1.5606219e-04
   1.5352576e-04
   1.5073079e-04
   1.4774682e-04
   1.4464340e-04
   1.4149007e-04
   1.3835638e-04
   1.3531187e-04
   1.3242610e-04
   1.2976860e-04
   1.2740323e-04
   1.2536680e-04
   1.2367348e-04
   1.2233315e-04
   1.2135573e-04
   1.2075112e-04
   1.2052923e-04
   1.2069995e-04
   1.2127320e-04
   1.2225888e-04
   1.2364906e-04
   1.2536453e-04
   1.2730823e-04
   1.2938311e-04
   1.3149213e-04
   1.3353823e-04
   1.3542436e-04
   1.3705348e-04
   1.3832854e-04
   1.3915247e-04
   1.3942825e-04
   1.3908493e-04
   1.3815605e-04
   1.3670130e-04
   1.3478032e-04
   1.3245278e-04
   1.2977836e-04
   1.2681671e-04
   1.2362750e-04
   1.2027039e-04
   1.1680505e-04
   1.1329114e-04
   1.0978833e-04
   1.0635628e-04
   1.0305465e-04
   9.9938389e-05
   9.7042767e-05
   9.4395465e-05
   9.2023442e-05
   8.9953657e-05
   8.8213068e-05
   8.6828636e-05
   8.5827318e-05
   8.5236075e-05
   8.5081864e-05
   8.5391646e-05
   8.6190006e-05
   8.7479033e-05
   8.9206412e-05
   9.1306815e-05
   9.3714919e-05
   9.6369594e-05
   9.9220174e-05
   1.0219492e-04
   1.0521303e-04
   1.0819580e-04
   1.1111407e-04
   1.1395176e-04
   1.1669279e-04
   1.1929804e-04
   1.2163518e-04
   1.2354452e-04
   1.2487241e-04
   1.2549379e-04
   1.2532002e-04
   1.2437956e-04
   1.2273017e-04
   1.2042959e-04
   1.1753911e-04
   1.1413085e-04
   1.1026813e-04
   1.0602848e-04
   1.0154207e-04
   9.6951906e-05
   9.2400997e-05
   8.8032354e-05
   8.3988988e-05
   8.0413909e-05
   7.7450126e-05
   7.5240651e-05
   7.3900369e-05
   7.3419732e-05
   7.3713345e-05
   7.4683885e-05
   7.6234027e-05
   7.8266446e-05
   8.0683817e-05
   8.3388815e-05
   8.6284116e-05
   8.9272394e-05
   9.2256327e-05
   9.5141495e-05
   9.7851183e-05
   1.0034058e-04
   1.0259197e-04
   1.0460090e-04
   1.0636509e-04
   1.0788221e-04
   1.0914997e-04
   1.1016605e-04
   1.1092816e-04
   1.1143398e-04
   1.1168121e-04
   1.1166755e-04
   1.1139069e-04
   1.1084832e-04
   1.1003979e-04
   1.0897298e-04
   1.0766607e-04
   1.0614479e-04
   1.0444741e-04
   1.0264488e-04
   1.0084975e-04
   9.9183572e-05
   9.7767890e-05
   9.6721285e-05
   9.6140475e-05
   9.6064731e-05
   9.6465062e-05
   9.7297906e-05
   9.8519701e-05
   1.0008689e-04
   1.0195590e-04
   1.0408318e-04
   1.0641954e-04
   1.0889767e-04
   1.1146206e-04
   1.1406158e-04
   1.1664508e-04
   1.1916140e-04
   1.2155941e-04
   1.2378796e-04
   1.2579590e-04
   1.2753209e-04
   1.2894538e-04
   1.2998463e-04
   1.3059869e-04
   1.3075447e-04
   1.3049109e-04
   1.2986571e-04
   1.2893552e-04
   1.2775768e-04
   1.2638936e-04
   1.2488773e-04
   1.2330998e-04
   1.2171326e-04
   1.2014600e-04
   1.1862311e-04
   1.1715662e-04
   1.1576003e-04
   1.1444685e-04
   1.1323056e-04
   1.1212469e-04
   1.1114272e-04
   1.1029816e-04
   1.0960451e-04
   1.0907528e-04
   1.0872396e-04
   1.0856114e-04
   1.0858575e-04
   1.0879380e-04
   1.0918129e-04
   1.0974423e-04
   1.1047864e-04
   1.1138053e-04
   1.1244590e-04
   1.1367076e-04
   1.1505113e-04
   1.1658301e-04
   1.1826242e-04
   1.2008382e-04
   1.2202903e-04
   1.2405242e-04
   1.2610188e-04
   1.2812531e-04
   1.3007058e-04
   1.3188559e-04
   1.3351822e-04
   1.3491637e-04
   1.3602792e-04
   1.3680077e-04
   1.3718279e-04
   1.3713449e-04
   1.3666684e-04
   1.3580339e-04
   1.3456772e-04
   1.3298340e-04
   1.3107399e-04
   1.2886308e-04
   1.2637421e-04
   1.2363098e-04
   1.2065694e-04
   1.1748686e-04
   1.1420513e-04
   1.1093202e-04
   1.0781425e-04
   1.0500396e-04
   1.0265329e-04
   1.0089974e-04
   9.9806935e-05
   9.9362438e-05
   9.9538434e-05
   1.0030711e-04
   1.0164067e-04
   1.0351128e-04
   1.0588516e-04
   1.0870039e-04
   1.1187124e-04
   1.1530247e-04
   1.1889754e-04
   1.2255987e-04
   1.2619291e-04
   1.2970009e-04
   1.3298484e-04
   1.3595062e-04
   1.3850085e-04
   1.4055604e-04
   1.4211061e-04
   1.4319827e-04
   1.4385831e-04
   1.4412999e-04
   1.4405262e-04
   1.4366546e-04
   1.4300780e-04
   1.4211893e-04
   1.4103811e-04
   1.3980464e-04
   1.3845780e-04
   1.3703290e-04
   1.3554973e-04
   1.3402546e-04
   1.3247762e-04
   1.3092372e-04
   1.2938129e-04
   1.2786784e-04
   1.2640088e-04
   1.2499794e-04
   1.2367654e-04
   1.2245419e-04
   1.2134841e-04
   1.2037570e-04
   1.1954660e-04
   1.1885973e-04
   1.1829797e-04
   1.1784071e-04
   1.1746737e-04
   1.1715734e-04
   1.1689004e-04
   1.1664487e-04
   1.1640123e-04
   1.1613853e-04
   1.1583618e-04
   1.1547358e-04
   1.1503013e-04
   1.1448524e-04
   1.1382037e-04
   1.1302944e-04
   1.1212546e-04
   1.1112472e-04
   1.1003956e-04
   1.0888134e-04
   1.0766140e-04
   1.0639109e-04
   1.0508177e-04
   1.0374478e-04
   1.0239148e-04
   1.0103321e-04
   9.9681331e-05
   9.8347188e-05
   9.7042132e-05
   9.5777515e-05
   9.4564687e-05
   9.3414999e-05
   9.2339802e-05
   9.1350445e-05
   9.0458281e-05
   8.9674659e-05
   8.9010929e-05
   8.8478444e-05
   8.8088295e-05
   8.7848972e-05
   8.7762420e-05
   8.7829015e-05
   8.8049133e-05
   8.8423149e-05
   8.8951438e-05
   8.9634376e-05
   9.0472339e-05
   9.1465701e-05
   9.2614838e-05
   9.3920126e-05
   9.5379808e-05
   9.6974796e-05
   9.8648657e-05
   1.0033615e-04
   1.0197204e-04
   1.0349108e-04
   1.0482804e-04
   1.0591767e-04
   1.0669474e-04
   1.0709401e-04
   1.0705025e-04
   1.0651744e-04
   1.0552659e-04
   1.0412791e-04
   1.0237164e-04
   1.0030800e-04
   9.7987217e-05
   9.5459528e-05
   9.2775155e-05
   8.9999800e-05
   8.7259751e-05
   8.4691580e-05
   8.2430565e-05
   8.0611982e-05
   7.9371107e-05
   7.8843216e-05
   7.9163586e-05
   8.0437693e-05
   8.2637352e-05
   8.5646756e-05
   8.9335639e-05
   9.3573734e-05
   9.8230777e-05
   1.0317650e-04
   1.0828296e-04
   1.1343239e-04
   1.1851380e-04
   1.2342025e-04
   1.2804559e-04
   1.3228370e-04
   1.3602843e-04
   1.3917364e-04
   1.4161318e-04
   1.4324092e-04
   1.4395071e-04
   1.4363641e-04
   1.4224031e-04
   1.3989834e-04
   1.3679488e-04
   1.3311428e-04
   1.2904092e-04
   1.2475915e-04
   1.2045335e-04
   1.1630788e-04
   1.1250711e-04
   1.0920577e-04
   1.0644015e-04
   1.0421691e-04
   1.0254269e-04
   1.0142417e-04
   1.0086798e-04
   1.0088080e-04
   1.0146927e-04
   1.0262320e-04
   1.0426494e-04
   1.0630000e-04
   1.0863387e-04
   1.1117206e-04
   1.1382007e-04
   1.1648339e-04
   1.1906752e-04
   1.2148040e-04
   1.2363967e-04
   1.2546934e-04
   1.2692707e-04
   1.2804545e-04
   1.2887479e-04
   1.2946542e-04
   1.2986766e-04
   1.3013183e-04
   1.3030827e-04
   1.3044728e-04
   1.3058867e-04
   1.3073011e-04
   1.3085876e-04
   1.3096174e-04
   1.3102623e-04
