   3.1038493e-01
   3.1478494e-01
   3.1895747e-01
   3.2289784e-01
   3.2660139e-01
   3.3006342e-01
   3.3327926e-01
   3.3624423e-01
   3.3895366e-01
   3.4140286e-01
   3.4358715e-01
   3.4550186e-01
   3.4714232e-01
   3.4850383e-01
   3.4958172e-01
   3.5037132e-01
   3.5086794e-01
   3.5106691e-01
   3.5096355e-01
   3.5055318e-01
   3.4983111e-01
   3.4879268e-01
   3.4743321e-01
   3.4574880e-01
   3.4374021e-01
   3.4141463e-01
   3.3878070e-01
   3.3584705e-01
   3.3262229e-01
   3.2911506e-01
   3.2533398e-01
   3.2128768e-01
   3.1698480e-01
   3.1243395e-01
   3.0764376e-01
   3.0262286e-01
   2.9737988e-01
   2.9192345e-01
   2.8626219e-01
   2.8040473e-01
   2.7435970e-01
   2.6813572e-01
   2.6174143e-01
   2.5518544e-01
   2.4847639e-01
   2.4162291e-01
   2.3463361e-01
   2.2751714e-01
   2.2028211e-01
   2.1293715e-01
   2.0549089e-01
   1.9795197e-01
   1.9032899e-01
   1.8263060e-01
   1.7486542e-01
   1.6704208e-01
   1.5916920e-01
   1.5125541e-01
   1.4330934e-01
   1.3533933e-01
   1.2735235e-01
   1.1935406e-01
   1.1134937e-01
   1.0334302e-01
   9.5339820e-02
   8.7344657e-02
   7.9362465e-02
   7.1398172e-02
   6.3456709e-02
   5.5543004e-02
   4.7661988e-02
   3.9818589e-02
   3.2017737e-02
   2.4264361e-02
   1.6563392e-02
   8.9197578e-03
   1.3383884e-03
   6.1757868e-03
   1.3617838e-02
   2.0982837e-02
   2.8265853e-02
   3.5461956e-02
   4.2566219e-02
   4.9573711e-02
   5.6479502e-02
   6.3278664e-02
   6.9966266e-02
   7.6537380e-02
   8.2987076e-02
   8.9310424e-02
   9.5502496e-02
   1.0155836e-01
   1.0747309e-01
   1.1324175e-01
   1.1885942e-01
   1.2432117e-01
   1.2962206e-01
   1.3475717e-01
   1.3972157e-01
   1.4451032e-01
   1.4911850e-01
   1.5354119e-01
   1.5777344e-01
   1.6181033e-01
   1.6564693e-01
   1.6927832e-01
   1.7269956e-01
   1.7590572e-01
   1.7889187e-01
   1.8165309e-01
   1.8418444e-01
   1.8648170e-01
   1.8854344e-01
   1.9036897e-01
   1.9195755e-01
   1.9330856e-01
   1.9442199e-01
   1.9529960e-01
   1.9594587e-01
   1.9636586e-01
   1.9656466e-01
   1.9654734e-01
   1.9631899e-01
   1.9588466e-01
   1.9524945e-01
   1.9441843e-01
   1.9339667e-01
   1.9218925e-01
   1.9080125e-01
   1.8923774e-01
   1.8750380e-01
   1.8560450e-01
   1.8354493e-01
   1.8133015e-01
   1.7896525e-01
   1.7645530e-01
   1.7380538e-01
   1.7102056e-01
   1.6810592e-01
   1.6506654e-01
   1.6190749e-01
   1.5863384e-01
   1.5525069e-01
   1.5176309e-01
   1.4817613e-01
   1.4449489e-01
   1.4072443e-01
   1.3686984e-01
   1.3293620e-01
   1.2892857e-01
   1.2485204e-01
   1.2071168e-01
   1.1651257e-01
   1.1225978e-01
   1.0795840e-01
   1.0361349e-01
   9.9230134e-02
   9.4813408e-02
   9.0368387e-02
   8.5900149e-02
   8.1413769e-02
   7.6914324e-02
   7.2406891e-02
   6.7896544e-02
   6.3388362e-02
   5.8887419e-02
   5.4398833e-02
   4.9927879e-02
   4.5479874e-02
   4.1060045e-02
   3.6673266e-02
   3.2324235e-02
   2.8017213e-02
   2.3755775e-02
   1.9542080e-02
   1.5377206e-02
   1.1262034e-02
   7.1974447e-03
   3.1843168e-03
   7.7646936e-04
   4.6840337e-03
   8.5374964e-03
   1.2335977e-02
   1.6078597e-02
   1.9764474e-02
   2.3392730e-02
   2.6962485e-02
   3.0472858e-02
   3.3922969e-02
   3.7311939e-02
   4.0638888e-02
   4.3902935e-02
   4.7103201e-02
   5.0238805e-02
   5.3308869e-02
   5.6312510e-02
   5.9248851e-02
   6.2117011e-02
   6.4916109e-02
   6.7645266e-02
   7.0303603e-02
   7.2890238e-02
   7.5404292e-02
   7.7844885e-02
   8.0211137e-02
   8.2502168e-02
   8.4717099e-02
   8.6855048e-02
   8.8915137e-02
   9.0896485e-02
   9.2798212e-02
   9.4619439e-02
   9.6359284e-02
   9.8016870e-02
   9.9591314e-02
   1.0108174e-01
   1.0248726e-01
   1.0380700e-01
   1.0504009e-01
   1.0618563e-01
   1.0724275e-01
   1.0821057e-01
   1.0908821e-01
   1.0987479e-01
   1.1056943e-01
   1.1117125e-01
   1.1167937e-01
   1.1209291e-01
   1.1241099e-01
   1.1263281e-01
   1.1275811e-01
   1.1278756e-01
   1.1272199e-01
   1.1256226e-01
   1.1231028e-01
   1.1196822e-01
   1.1153824e-01
   1.1102251e-01
   1.1042321e-01
   1.0974249e-01
   1.0898253e-01
   1.0814549e-01
   1.0723354e-01
   1.0624886e-01
   1.0519361e-01
   1.0406995e-01
   1.0288006e-01
   1.0162610e-01
   1.0031024e-01
   9.8934654e-02
   9.7501504e-02
   9.6012960e-02
   9.4471190e-02
   9.2878362e-02
   9.1236645e-02
   8.9548206e-02
   8.7815213e-02
   8.6039835e-02
   8.4224240e-02
   8.2370596e-02
   8.0481071e-02
   7.8557832e-02
   7.6603050e-02
   7.4618890e-02
   7.2607522e-02
   7.0571114e-02
   6.8511833e-02
   6.6431848e-02
   6.4333328e-02
   6.2218439e-02
   6.0089351e-02
   5.7948231e-02
   5.5797247e-02
   5.3638568e-02
   5.1474362e-02
   4.9306797e-02
   4.7138041e-02
   4.4970262e-02
   4.2805628e-02
   4.0646307e-02
   3.8494468e-02
   3.6352279e-02
   3.4221907e-02
   3.2105521e-02
   3.0005290e-02
   2.7923380e-02
   2.5861961e-02
   2.3823200e-02
   2.1809265e-02
   1.9822325e-02
   1.7864548e-02
   1.5938102e-02
   1.4045154e-02
   1.2187874e-02
   1.0368429e-02
   8.5889874e-03
   6.8517172e-03
   5.1586326e-03
   3.5110221e-03
   1.9095157e-03
   3.5436964e-04
   1.1542258e-03
   2.6161530e-03
   4.0315853e-03
   5.4007567e-03
   6.7238526e-03
   8.0010463e-03
   9.2325113e-03
   1.0418421e-02
   1.1558949e-02
   1.2654268e-02
   1.3704551e-02
   1.4709973e-02
   1.5670707e-02
   1.6586925e-02
   1.7458802e-02
   1.8286510e-02
   1.9070224e-02
   1.9810116e-02
   2.0506359e-02
   2.1159128e-02
   2.1768596e-02
   2.2334935e-02
   2.2858320e-02
   2.3338923e-02
   2.3776919e-02
   2.4172480e-02
   2.4525780e-02
   2.4836992e-02
   2.5106289e-02
   2.5333846e-02
   2.5519835e-02
   2.5664430e-02
   2.5767804e-02
   2.5830131e-02
   2.5851583e-02
   2.5832335e-02
   2.5772559e-02
   2.5672430e-02
   2.5532119e-02
   2.5351802e-02
   2.5131651e-02
   2.4871819e-02
   2.4572324e-02
   2.4233136e-02
   2.3854916e-02
   2.3438372e-02
   2.2984238e-02
   2.2493697e-02
   2.1968154e-02
   2.1409045e-02
   2.0817805e-02
   2.0195868e-02
   1.9544671e-02
   1.8865648e-02
   1.8160235e-02
   1.7429866e-02
   1.6675978e-02
   1.5900004e-02
   1.5103380e-02
   1.4287542e-02
   1.3453925e-02
   1.2603963e-02
   1.1739092e-02
   1.0860748e-02
   9.9703642e-03
   9.0693773e-03
   8.1592221e-03
   7.2413338e-03
   6.3171475e-03
   5.3880983e-03
   4.4556216e-03
   3.5211524e-03
   2.5861260e-03
   1.6519775e-03
   7.2014203e-04
   2.0794511e-04
   1.1308488e-03
   2.0471338e-03
   2.9553651e-03
   3.8541073e-03
   4.7419254e-03
   5.6173841e-03
   6.4790483e-03
   7.3254827e-03
   8.1552523e-03
   8.9669218e-03
   9.7590560e-03
   1.0530220e-02
   1.1278978e-02
   1.2003895e-02
   1.2703537e-02
   1.3376467e-02
   1.4021251e-02
   1.4636454e-02
   1.5220639e-02
   1.5772373e-02
   1.6290220e-02
   1.6772814e-02
   1.7219066e-02
   1.7627956e-02
   1.7998464e-02
   1.8329570e-02
   1.8620254e-02
   1.8869497e-02
   1.9076279e-02
   1.9239579e-02
   1.9358574e-02
   1.9433219e-02
   1.9463666e-02
   1.9450067e-02
   1.9392571e-02
   1.9291491e-02
   1.9147872e-02
   1.8962969e-02
   1.8738071e-02
   1.8474489e-02
   1.8173583e-02
   1.7836742e-02
   1.7465444e-02
   1.7061302e-02
   1.6626009e-02
   1.6161601e-02
   1.5670850e-02
   1.5156889e-02
   1.4622342e-02
   1.4069543e-02
   1.3500248e-02
   1.2916172e-02
   1.2319448e-02
   1.1712315e-02
   1.1097113e-02
   1.0476585e-02
   9.8533698e-03
   9.2292731e-03
   8.6058940e-03
   7.9848312e-03
   7.3676835e-03
   6.7560498e-03
   6.1514909e-03
   5.5554159e-03
   4.9691962e-03
   4.3942029e-03
   3.8318072e-03
   3.2833803e-03
   2.7501531e-03
   2.2327948e-03
   1.7318342e-03
   1.2478000e-03
   7.8122108e-04
   3.3257741e-04
   9.7846305e-05
   5.0981416e-04
   9.0309027e-04
   1.2774387e-03
   1.6326237e-03
   1.9683940e-03
   2.2844692e-03
   2.5806793e-03
   2.8568854e-03
   3.1129488e-03
   3.3487307e-03
   3.5640923e-03
   3.7588949e-03
   3.9330617e-03
   4.0867645e-03
   4.2202092e-03
   4.3334084e-03
   4.4260199e-03
   4.4976195e-03
   4.5477833e-03
   4.5761918e-03
   4.5830481e-03
   4.5693572e-03
   4.5373469e-03
   4.4895243e-03
   4.4284327e-03
   4.3567283e-03
   4.2769294e-03
   4.1913124e-03
   4.1019702e-03
   4.0103381e-03
   3.9170853e-03
   3.8223180e-03
   3.7259660e-03
   3.6279406e-03
   3.5281535e-03
   3.4265160e-03
   3.3229397e-03
   3.2173360e-03
   3.1096054e-03
   2.9996744e-03
   2.8877492e-03
   2.7741440e-03
   2.6591829e-03
   2.5431896e-03
   2.4264882e-03
   2.3094025e-03
   2.1922563e-03
   2.0753737e-03
   1.9590784e-03
   1.8436944e-03
   1.7295457e-03
   1.6169560e-03
   1.5062493e-03
   1.3977404e-03
   1.2917119e-03
   1.1884555e-03
   1.0882230e-03
   9.9109052e-04
   8.9709929e-04
   8.0633169e-04
   7.1890153e-04
   6.3492821e-04
   5.5453117e-04
   4.7782980e-04
   4.0494352e-04
   3.3599175e-04
   2.7109391e-04
   2.1036939e-04
   1.5393763e-04
   1.0191803e-04
   5.4430001e-05
   1.1592967e-05
   2.6473662e-05
   5.9621803e-05
   8.7581594e-05
   1.1004689e-04
   1.2692360e-04
   1.3868191e-04
   1.4592786e-04
   1.4926753e-04
   1.4931806e-04
   1.4679035e-04
   1.4260396e-04
   1.3772786e-04
   1.3313097e-04
   1.2969782e-04
   1.2787452e-04
   1.2762064e-04
   1.2879522e-04
   1.3125727e-04
   1.3486583e-04
   1.3949003e-04
   1.4495499e-04
   1.5075796e-04
   1.5631172e-04
   1.6102906e-04
   1.6442357e-04
   1.6641214e-04
   1.6701249e-04
   1.6624230e-04
   1.6411931e-04
   1.6071724e-04
   1.5632207e-04
   1.5122791e-04
   1.4571691e-04
   1.4007121e-04
   1.3457295e-04
   1.2950429e-04
   1.2510853e-04
   1.2146082e-04
   1.1853852e-04
   1.1627567e-04
   1.1459870e-04
   1.1343405e-04
   1.1270813e-04
   1.1234739e-04
   1.1227826e-04
   1.1244205e-04
   1.1282491e-04
   1.1336894e-04
   1.1400149e-04
   1.1464991e-04
   1.1524154e-04
   1.1570374e-04
   1.1598291e-04
   1.1609650e-04
   1.1606048e-04
   1.1588564e-04
   1.1558279e-04
   1.1516274e-04
   1.1463629e-04
   1.1401425e-04
   1.1330743e-04
   1.1252662e-04
   1.1168967e-04
   1.1084241e-04
   1.1003725e-04
   1.0932646e-04
   1.0876233e-04
   1.0839715e-04
   1.0828320e-04
   1.0847276e-04
   1.0901812e-04
   1.0996984e-04
   1.1136536e-04
   1.1321552e-04
   1.1552492e-04
   1.1829816e-04
   1.2153985e-04
   1.2525458e-04
   1.2944696e-04
   1.3409106e-04
   1.3903103e-04
   1.4404910e-04
   1.4891904e-04
   1.5341861e-04
   1.5735046e-04
   1.6052366e-04
   1.6274728e-04
   1.6383038e-04
   1.6358202e-04
   1.6181126e-04
   1.5836914e-04
   1.5329506e-04
   1.4675254e-04
   1.3892558e-04
   1.2999821e-04
   1.2015446e-04
   1.0957513e-04
   9.8439541e-05
   8.7056309e-05
   7.6093604e-05
   6.6306650e-05
   5.8450671e-05
   5.3280891e-05
   5.1552533e-05
   5.4020823e-05
   6.1131995e-05
   7.2096334e-05
   8.5815135e-05
   1.0118969e-04
   1.1712131e-04
   1.3248393e-04
   1.4604393e-04
   1.5654741e-04
   1.6285462e-04
   1.6460381e-04
   1.6285940e-04
   1.5901426e-04
   1.5432842e-04
   1.4948752e-04
   1.4487227e-04
   1.4082032e-04
   1.3766936e-04
   1.3575706e-04
   1.3542108e-04
   1.3699909e-04
   1.4082878e-04
   1.4705760e-04
   1.5506708e-04
   1.6402812e-04
   1.7310648e-04
   1.8146794e-04
   1.8827826e-04
   1.9270323e-04
   1.9390860e-04
   1.9133201e-04
   1.8549848e-04
   1.7720489e-04
   1.6724812e-04
   1.5642504e-04
   1.4553254e-04
   1.3536748e-04
   1.2672675e-04
   1.2026031e-04
   1.1603042e-04
   1.1395243e-04
   1.1394167e-04
   1.1591351e-04
   1.1978328e-04
   1.2546632e-04
   1.3270904e-04
   1.4058203e-04
   1.4798697e-04
   1.5382549e-04
   1.5699926e-04
   1.5672326e-04
   1.5346581e-04
   1.4800853e-04
   1.4113307e-04
   1.3364017e-04
   1.2632499e-04
   1.1967362e-04
   1.1409010e-04
   1.0997849e-04
   1.0774283e-04
   1.0762224e-04
   1.0919610e-04
   1.1187889e-04
   1.1508507e-04
   1.1822910e-04
   1.2083855e-04
   1.2289336e-04
   1.2448659e-04
   1.2571130e-04
   1.2666052e-04
   1.2742731e-04
   1.2810472e-04
   1.2878579e-04
   1.2954473e-04
   1.3038028e-04
   1.3127233e-04
   1.3220078e-04
   1.3314551e-04
   1.3408641e-04
   1.3500338e-04
   1.3587631e-04
   1.3668509e-04
   1.3740961e-04
   1.3802695e-04
   1.3850293e-04
   1.3880057e-04
   1.3888289e-04
   1.3871290e-04
   1.3825362e-04
   1.3746806e-04
   1.3631923e-04
   1.3477016e-04
   1.3281494e-04
   1.3057205e-04
   1.2819102e-04
   1.2582143e-04
   1.2361281e-04
   1.2171473e-04
   1.2027674e-04
   1.1944839e-04
   1.1933020e-04
   1.1982655e-04
   1.2079281e-04
   1.2208432e-04
   1.2355644e-04
   1.2506451e-04
   1.2646390e-04
   1.2760996e-04
   1.2835803e-04
   1.2860195e-04
   1.2838951e-04
   1.2780696e-04
   1.2694055e-04
   1.2587656e-04
   1.2470124e-04
   1.2350084e-04
   1.2236164e-04
   1.2138085e-04
   1.2069953e-04
   1.2046971e-04
   1.2084341e-04
   1.2197266e-04
   1.2400948e-04
   1.2710589e-04
   1.3141393e-04
   1.3699455e-04
   1.4354444e-04
   1.5066926e-04
   1.5797462e-04
   1.6506618e-04
   1.7154957e-04
   1.7703043e-04
   1.8111439e-04
   1.8340708e-04
   1.8361391e-04
   1.8183926e-04
   1.7828728e-04
   1.7316212e-04
   1.6666794e-04
   1.5900887e-04
   1.5038907e-04
   1.4101517e-04
   1.3113908e-04
   1.2116618e-04
   1.1157581e-04
   1.0285693e-04
   9.5498535e-05
   8.9989589e-05
   8.6819071e-05
   8.6329889e-05
   8.8280690e-05
   9.2284053e-05
   9.7952555e-05
   1.0489878e-04
   1.1273530e-04
   1.2106548e-04
   1.2949767e-04
   1.3779848e-04
   1.4577635e-04
   1.5323976e-04
   1.5999716e-04
   1.6585701e-04
   1.7062777e-04
   1.7411791e-04
   1.7613588e-04
   1.7656238e-04
   1.7556712e-04
   1.7339201e-04
   1.7027899e-04
   1.6646998e-04
   1.6220693e-04
   1.5773177e-04
   1.5328641e-04
   1.4911281e-04
   1.4545287e-04
   1.4247694e-04
   1.4007957e-04
   1.3812661e-04
   1.3649460e-04
   1.3506011e-04
   1.3369968e-04
   1.3228987e-04
   1.3070724e-04
   1.2882834e-04
   1.2652484e-04
   1.2366785e-04
   1.2023945e-04
   1.1640107e-04
   1.1235426e-04
   1.0830053e-04
   1.0444143e-04
   1.0097848e-04
   9.8113225e-05
   9.6047192e-05
   9.4963978e-05
   9.4972961e-05
   9.6155699e-05
   9.8591280e-05
   1.0235879e-04
   1.0753732e-04
   1.1420596e-04
   1.2230469e-04
   1.3120092e-04
   1.4005845e-04
   1.4802494e-04
   1.5434750e-04
   1.5872727e-04
   1.6119030e-04
   1.6181901e-04
   1.6069582e-04
   1.5790315e-04
   1.5352341e-04
   1.4763903e-04
   1.4042192e-04
   1.3240207e-04
   1.2419893e-04
   1.1643200e-04
   1.0972075e-04
   1.0468466e-04
   1.0182712e-04
   1.0113418e-04
   1.0226356e-04
   1.0481989e-04
   1.0840783e-04
   1.1263202e-04
   1.1709711e-04
   1.2144977e-04
   1.2550468e-04
   1.2911857e-04
   1.3214815e-04
   1.3445013e-04
   1.3588123e-04
   1.3629815e-04
   1.3561696e-04
   1.3399109e-04
   1.3163333e-04
   1.2875647e-04
   1.2557328e-04
   1.2229656e-04
   1.1913908e-04
   1.1627159e-04
   1.1369661e-04
   1.1137466e-04
   1.0926621e-04
   1.0733175e-04
   1.0553179e-04
   1.0382681e-04
   1.0217731e-04
   1.0055343e-04
   9.8963913e-05
   9.7427179e-05
   9.5961630e-05
   9.4585671e-05
   9.3317707e-05
   9.2176146e-05
   9.1179391e-05
   9.0345357e-05
   8.9689981e-05
   8.9228707e-05
   8.8976981e-05
   8.8950247e-05
   8.9163950e-05
   8.9633534e-05
   9.0374445e-05
   9.1402127e-05
   9.2732024e-05
   9.4379582e-05
   9.6360094e-05
   9.8667557e-05
   1.0121303e-04
   1.0388688e-04
   1.0657948e-04
   1.0918118e-04
   1.1158236e-04
   1.1367337e-04
   1.1534459e-04
   1.1650576e-04
   1.1714413e-04
   1.1726634e-04
   1.1687903e-04
   1.1598883e-04
   1.1460237e-04
   1.1272629e-04
   1.1036724e-04
   1.0755349e-04
   1.0440377e-04
   1.0107337e-04
   9.7721351e-05
   9.4506759e-05
   9.1588642e-05
   8.9126051e-05
   8.7278033e-05
   8.6203640e-05
   8.6047886e-05
   8.6867308e-05
   8.8575013e-05
   9.1051759e-05
   9.4178305e-05
   9.7835409e-05
   1.0190383e-04
   1.0626001e-04
   1.1076609e-04
   1.1529171e-04
   1.1970944e-04
   1.2389188e-04
   1.2771162e-04
   1.3104123e-04
   1.3375330e-04
   1.3572043e-04
   1.3681519e-04
   1.3695352e-04
   1.3622475e-04
   1.3476157e-04
   1.3269666e-04
   1.3016269e-04
   1.2729236e-04
   1.2421834e-04
   1.2107331e-04
   1.1796943e-04
   1.1493977e-04
   1.1200929e-04
   1.0920601e-04
   1.0655798e-04
   1.0409324e-04
   1.0183982e-04
   9.9825755e-05
   9.8079092e-05
   9.6627865e-05
   9.5489719e-05
   9.4647599e-05
   9.4101548e-05
   9.3858482e-05
   9.3925316e-05
   9.4308967e-05
   9.5016349e-05
   9.6054380e-05
   9.7418924e-05
   9.9061649e-05
   1.0092317e-04
   1.0294412e-04
   1.0506510e-04
   1.0722673e-04
   1.0936963e-04
   1.1143318e-04
   1.1335173e-04
   1.1505842e-04
   1.1648635e-04
   1.1756864e-04
   1.1823843e-04
   1.1842882e-04
   1.1810324e-04
   1.1734633e-04
   1.1627306e-04
   1.1499837e-04
   1.1363721e-04
   1.1230453e-04
   1.1111529e-04
   1.1018445e-04
   1.0960459e-04
   1.0937895e-04
   1.0948839e-04
   1.0991376e-04
   1.1063595e-04
   1.1163582e-04
   1.1289424e-04
   1.1437681e-04
   1.1598817e-04
   1.1761766e-04
   1.1915465e-04
   1.2048850e-04
   1.2150857e-04
   1.2212765e-04
