   2.0059891e-01
   2.0793986e-01
   2.1512752e-01
   2.2214657e-01
   2.2898172e-01
   2.3561764e-01
   2.4203904e-01
   2.4823061e-01
   2.5417704e-01
   2.5986301e-01
   2.6527323e-01
   2.7039238e-01
   2.7520516e-01
   2.7969625e-01
   2.8385036e-01
   2.8765216e-01
   2.9108636e-01
   2.9413764e-01
   2.9679071e-01
   2.9903024e-01
   3.0084093e-01
   3.0220747e-01
   3.0311456e-01
   3.0354689e-01
   3.0348914e-01
   3.0292602e-01
   3.0184220e-01
   3.0022820e-01
   2.9809776e-01
   2.9547041e-01
   2.9236570e-01
   2.8880319e-01
   2.8480241e-01
   2.8038292e-01
   2.7556427e-01
   2.7036599e-01
   2.6480764e-01
   2.5890876e-01
   2.5268890e-01
   2.4616761e-01
   2.3936443e-01
   2.3229891e-01
   2.2499060e-01
   2.1745904e-01
   2.0972378e-01
   2.0180437e-01
   1.9372036e-01
   1.8549129e-01
   1.7713670e-01
   1.6867615e-01
   1.6012919e-01
   1.5151535e-01
   1.4285418e-01
   1.3416524e-01
   1.2546807e-01
   1.1678222e-01
   1.0812722e-01
   9.9521153e-02
   9.0975683e-02
   8.2499357e-02
   7.4100237e-02
   6.5786121e-02
   5.7564739e-02
   4.9443824e-02
   4.1431106e-02
   3.3534316e-02
   2.5761185e-02
   1.8119444e-02
   1.0616825e-02
   3.2610589e-03
   3.9401238e-03
   1.0978992e-02
   1.7847814e-02
   2.4538859e-02
   3.1044395e-02
   3.7356693e-02
   4.3468020e-02
   4.9370646e-02
   5.5056839e-02
   6.0518869e-02
   6.5749003e-02
   7.0739512e-02
   7.5482664e-02
   7.9970728e-02
   8.4195972e-02
   8.8150666e-02
   9.1827079e-02
   9.5217479e-02
   9.8314136e-02
   1.0110932e-01
   1.0359529e-01
   1.0576433e-01
   1.0760870e-01
   1.0912068e-01
   1.1029378e-01
   1.1112669e-01
   1.1162108e-01
   1.1178437e-01
   1.1162791e-01
   1.1116374e-01
   1.1040389e-01
   1.0936039e-01
   1.0804527e-01
   1.0647057e-01
   1.0464832e-01
   1.0259056e-01
   1.0030931e-01
   9.7816605e-02
   9.5124482e-02
   9.2244972e-02
   8.9190106e-02
   8.5971918e-02
   8.2602440e-02
   7.9093705e-02
   7.5457745e-02
   7.1706592e-02
   6.7852279e-02
   6.3906839e-02
   5.9882305e-02
   5.5790707e-02
   5.1644081e-02
   4.7454456e-02
   4.3233867e-02
   3.8994346e-02
   3.4747925e-02
   3.0506637e-02
   2.6282514e-02
   2.2087589e-02
   1.7933895e-02
   1.3833463e-02
   9.7983265e-03
   5.8405179e-03
   1.9720699e-03
   1.7949853e-03
   5.4486150e-03
   8.9767867e-03
   1.2367468e-02
   1.5608626e-02
   1.8688229e-02
   2.1594313e-02
   2.4315194e-02
   2.6839255e-02
   2.9155128e-02
   3.1252428e-02
   3.3122024e-02
   3.4761022e-02
   3.6176380e-02
   3.7377525e-02
   3.8373948e-02
   3.9175142e-02
   3.9790600e-02
   4.0229814e-02
   4.0502278e-02
   4.0617483e-02
   4.0584923e-02
   4.0414090e-02
   4.0114476e-02
   3.9695575e-02
   3.9166879e-02
   3.8537881e-02
   3.7818073e-02
   3.7016948e-02
   3.6143999e-02
   3.5208718e-02
   3.4220598e-02
   3.3189131e-02
   3.2123811e-02
   3.1034130e-02
   2.9929580e-02
   2.8819654e-02
   2.7713845e-02
   2.6621646e-02
   2.5552549e-02
   2.4516062e-02
   2.3521215e-02
   2.2573677e-02
   2.1673212e-02
   2.0816221e-02
   1.9998567e-02
   1.9216112e-02
   1.8464719e-02
   1.7740251e-02
   1.7038570e-02
   1.6355539e-02
   1.5687021e-02
   1.5028878e-02
   1.4376973e-02
   1.3727168e-02
   1.3075327e-02
   1.2417311e-02
   1.1749552e-02
   1.1070749e-02
   1.0380477e-02
   9.6795301e-03
   8.9690072e-03
   8.2500076e-03
   7.5236306e-03
   6.7909753e-03
   6.0531409e-03
   5.3112268e-03
   4.5663320e-03
   3.8195558e-03
   3.0719975e-03
   2.3247562e-03
   1.5789312e-03
   8.3562172e-04
   9.5926905e-05
   6.3905399e-04
   1.3682218e-03
   2.0904772e-03
   2.8047210e-03
   3.5098540e-03
   4.2047771e-03
   4.8883909e-03
   5.5595962e-03
   6.2172940e-03
   6.8603848e-03
   7.4877695e-03
   8.0983490e-03
   8.6910239e-03
   9.2646950e-03
   9.8182632e-03
   1.0350629e-02
   1.0860694e-02
   1.1347358e-02
   1.1809522e-02
   1.2246087e-02
   1.2655954e-02
   1.3038023e-02
   1.3391196e-02
   1.3714373e-02
   1.4006454e-02
   1.4266341e-02
   1.4492951e-02
   1.4685267e-02
   1.4842286e-02
   1.4963008e-02
   1.5046432e-02
   1.5091798e-02
   1.5099367e-02
   1.5069912e-02
   1.5004366e-02
   1.4903769e-02
   1.4769416e-02
   1.4603335e-02
   1.4407762e-02
   1.4184942e-02
   1.3937120e-02
   1.3666501e-02
   1.3375209e-02
   1.3065332e-02
   1.2739049e-02
   1.2398450e-02
   1.2045434e-02
   1.1681730e-02
   1.1308845e-02
   1.0928022e-02
   1.0540160e-02
   1.0145786e-02
   9.7453039e-03
   9.3390541e-03
   8.9273247e-03
   8.5103811e-03
   8.0884307e-03
   7.6616105e-03
   7.2299931e-03
   6.7935801e-03
   6.3522962e-03
   5.9064130e-03
   5.4578467e-03
   5.0089278e-03
   4.5619870e-03
   4.1193549e-03
   3.6833621e-03
   3.2563392e-03
   2.8406168e-03
   2.4385256e-03
   2.0523962e-03
   1.6845591e-03
   1.3373450e-03
   1.0130845e-03
   7.1410828e-04
   4.4274688e-04
   2.0129224e-04
   8.2019318e-06
   1.8434845e-04
   3.2720547e-04
   4.3799825e-04
   5.1877090e-04
   5.7222160e-04
   6.0160746e-04
   6.1106616e-04
   6.0514425e-04
   5.8851412e-04
   5.6539512e-04
   5.3745701e-04
   5.0572026e-04
   4.7120538e-04
   4.3493285e-04
   3.9792316e-04
   3.6119679e-04
   3.2577425e-04
   2.9240725e-04
   2.6098768e-04
   2.3231149e-04
   2.0853482e-04
   1.9151195e-04
   1.8192962e-04
   1.7912972e-04
   1.8174745e-04
   1.8880889e-04
   1.9813299e-04
   2.0710162e-04
   2.1366498e-04
   2.1764423e-04
   2.1931957e-04
   2.1898836e-04
   2.1701667e-04
   2.1392906e-04
   2.1083914e-04
   2.0913948e-04
   2.1006051e-04
   2.1344295e-04
   2.1884968e-04
   2.2587182e-04
   2.3302982e-04
   2.3876057e-04
   2.4205481e-04
   2.4228793e-04
   2.3938366e-04
   2.3381810e-04
   2.2679471e-04
   2.1998128e-04
   2.1545699e-04
   2.1472946e-04
   2.1803190e-04
   2.2442248e-04
   2.3272338e-04
   2.4173543e-04
   2.5024244e-04
   2.5737557e-04
   2.6262541e-04
   2.6530205e-04
   2.6512595e-04
   2.6237853e-04
   2.5690095e-04
   2.4806161e-04
   2.3454274e-04
   2.1585115e-04
   1.9302848e-04
   1.6931431e-04
   1.4843990e-04
   1.3410577e-04
   1.2971058e-04
   1.3671902e-04
   1.5291299e-04
   1.7478541e-04
   1.9722068e-04
   2.1539637e-04
   2.2583170e-04
   2.2696666e-04
   2.1851546e-04
   2.0313129e-04
   1.8453984e-04
   1.6653252e-04
   1.5256701e-04
   1.4490343e-04
   1.4550441e-04
   1.5543107e-04
   1.7213839e-04
   1.9217982e-04
   2.1210881e-04
   2.2847881e-04
   2.3843197e-04
   2.4160943e-04
   2.3881777e-04
   2.3100774e-04
   2.1913011e-04
   2.0413564e-04
   1.8704135e-04
   1.6927507e-04
   1.5291363e-04
   1.4017952e-04
   1.3329525e-04
   1.3382800e-04
   1.4072353e-04
   1.5227228e-04
   1.6676470e-04
   1.8247449e-04
   1.9770413e-04
   2.1112207e-04
   2.2149243e-04
   2.2757934e-04
   2.2814694e-04
   2.2245565e-04
   2.1175120e-04
   1.9777561e-04
   1.8227091e-04
   1.6697913e-04
   1.5346693e-04
   1.4246804e-04
   1.3401508e-04
   1.2800924e-04
   1.2435172e-04
   1.2294370e-04
   1.2358965e-04
   1.2570713e-04
   1.2861694e-04
   1.3163993e-04
   1.3409691e-04
   1.3530872e-04
   1.3480769e-04
   1.3297229e-04
   1.3039251e-04
   1.2765833e-04
   1.2535974e-04
   1.2408671e-04
   1.2442925e-04
   1.2681526e-04
   1.3102427e-04
   1.3667315e-04
   1.4337864e-04
   1.5075747e-04
   1.5842637e-04
   1.6597436e-04
   1.7291618e-04
   1.7888533e-04
   1.8355194e-04
   1.8658613e-04
   1.8765802e-04
   1.8654550e-04
   1.8345744e-04
   1.7871047e-04
   1.7262122e-04
   1.6550631e-04
   1.5768238e-04
   1.4946605e-04
   1.4115748e-04
   1.3297044e-04
   1.2501683e-04
   1.1737352e-04
   1.1011374e-04
   1.0331072e-04
   9.7037690e-05
   9.1367875e-05
   8.6374506e-05
   8.2124841e-05
   7.8662248e-05
   7.6024127e-05
   7.4247875e-05
   7.3370891e-05
   7.3430574e-05
   7.4464322e-05
   7.6509532e-05
   7.9603603e-05
   8.3784860e-05
   8.9075224e-05
   9.5386072e-05
   1.0248448e-04
   1.1010647e-04
   1.1798808e-04
   1.2586533e-04
   1.3347424e-04
   1.4055085e-04
   1.4683118e-04
   1.5206741e-04
   1.5611568e-04
   1.5900553e-04
   1.6080582e-04
   1.6158538e-04
   1.6141307e-04
   1.6035773e-04
   1.5848823e-04
   1.5587340e-04
   1.5258210e-04
   1.4868317e-04
   1.4425551e-04
   1.3943009e-04
   1.3439581e-04
   1.2935354e-04
   1.2450414e-04
   1.2004847e-04
   1.1618741e-04
   1.1312181e-04
   1.1105254e-04
   1.1018046e-04
   1.1070645e-04
   1.1275655e-04
   1.1615763e-04
   1.2066173e-04
   1.2602090e-04
   1.3198718e-04
   1.3831262e-04
   1.4474928e-04
   1.5104919e-04
   1.5696441e-04
   1.6224699e-04
   1.6664897e-04
   1.6992240e-04
   1.7181932e-04
   1.7216405e-04
   1.7106990e-04
   1.6872243e-04
   1.6530723e-04
   1.6100986e-04
   1.5601591e-04
   1.5051093e-04
   1.4468051e-04
   1.3871021e-04
   1.3278561e-04
   1.2707838e-04
   1.2171029e-04
   1.1681227e-04
   1.1252100e-04
   1.0897317e-04
   1.0630546e-04
   1.0465454e-04
   1.0408982e-04
   1.0441157e-04
   1.0535276e-04
   1.0664638e-04
   1.0802541e-04
   1.0922284e-04
   1.0997148e-04
   1.1007090e-04
   1.0959006e-04
   1.0866527e-04
   1.0743285e-04
   1.0602912e-04
   1.0459042e-04
   1.0325306e-04
   1.0213074e-04
   1.0124672e-04
   1.0060163e-04
   1.0019608e-04
   1.0003072e-04
   1.0010617e-04
   1.0042306e-04
   1.0098202e-04
   1.0178367e-04
   1.0282273e-04
   1.0406756e-04
   1.0547038e-04
   1.0698084e-04
   1.0854858e-04
   1.1012326e-04
   1.1165452e-04
   1.1309201e-04
   1.1438537e-04
   1.1548426e-04
   1.1633832e-04
   1.1689720e-04
   1.1711055e-04
   1.1692802e-04
   1.1629924e-04
   1.1517536e-04
   1.1354251e-04
   1.1150485e-04
   1.0919567e-04
   1.0674825e-04
   1.0429588e-04
   1.0197184e-04
   9.9909421e-05
   9.8241912e-05
   9.7102594e-05
   9.6624756e-05
   9.6941683e-05
   9.8186661e-05
   1.0049206e-04
   1.0393097e-04
   1.0835318e-04
   1.1355287e-04
   1.1932422e-04
   1.2546143e-04
   1.3175867e-04
   1.3801013e-04
   1.4401000e-04
   1.4955245e-04
   1.5443168e-04
   1.5844186e-04
   1.6137718e-04
   1.6303183e-04
   1.6319999e-04
   1.6169220e-04
   1.5845254e-04
   1.5371385e-04
   1.4777709e-04
   1.4094322e-04
   1.3351319e-04
   1.2578795e-04
   1.1806847e-04
   1.1065569e-04
   1.0385237e-04
   9.7971252e-05
   9.3338143e-05
   9.0278980e-05
   8.9114829e-05
   9.0146919e-05
   9.3464370e-05
   9.8644332e-05
   1.0512541e-04
   1.1234433e-04
   1.1975692e-04
   1.2688684e-04
   1.3343228e-04
   1.3931926e-04
   1.4452789e-04
   1.4903943e-04
   1.5283515e-04
   1.5589632e-04
   1.5820420e-04
   1.5974005e-04
   1.6048515e-04
   1.6042075e-04
   1.5952812e-04
   1.5781200e-04
   1.5536841e-04
   1.5230622e-04
   1.4873166e-04
   1.4475096e-04
   1.4047035e-04
   1.3599605e-04
   1.3143429e-04
   1.2689131e-04
   1.2244241e-04
   1.1805349e-04
   1.1371641e-04
   1.0943725e-04
   1.0522209e-04
   1.0107702e-04
   9.6998261e-05
   9.2984526e-05
   8.9192362e-05
   8.5820232e-05
   8.3066602e-05
   8.1129938e-05
   8.0208706e-05
   8.0501370e-05
   8.2119535e-05
   8.4827361e-05
   8.8302149e-05
   9.2221198e-05
   9.6261806e-05
   1.0010128e-04
   1.0341690e-04
   1.0588599e-04
   1.0720204e-04
   1.0721245e-04
   1.0613719e-04
   1.0428531e-04
   1.0196588e-04
   9.9487937e-05
   9.7149286e-05
   9.5202654e-05
   9.3889507e-05
   9.3451312e-05
   9.4129533e-05
   9.6034829e-05
   9.8754614e-05
   1.0174549e-04
   1.0446408e-04
   1.0636696e-04
   1.0702335e-04
   1.0645274e-04
   1.0478725e-04
   1.0215896e-04
   9.8699969e-05
   9.4542381e-05
   8.9821830e-05
   8.4730982e-05
   7.9637544e-05
   7.4952099e-05
   7.1085229e-05
   6.8447517e-05
   6.7449544e-05
   6.8360912e-05
   7.0887303e-05
   7.4593420e-05
   7.9043963e-05
   8.3803634e-05
   8.8437135e-05
   9.2554785e-05
   9.5960029e-05
   9.8535462e-05
   1.0013804e-04
   1.0061565e-04
   9.9931397e-05
   9.8509345e-05
   9.6888775e-05
   9.5608970e-05
   9.5074423e-05
   9.5150446e-05
   9.5567560e-05
   9.6056286e-05
   9.6347142e-05
   9.6170649e-05
   9.5325025e-05
   9.3872488e-05
   9.1915806e-05
   8.9550959e-05
   8.6873928e-05
   8.3980692e-05
   8.0967232e-05
   7.7929528e-05
   7.4951223e-05
   7.2074018e-05
   6.9385891e-05
   6.7098068e-05
   6.5450735e-05
   6.4684076e-05
   6.5038278e-05
   6.6753526e-05
   7.0070006e-05
   7.5181461e-05
   8.1962182e-05
   8.9705271e-05
   9.7570147e-05
   1.0471623e-04
   1.1030293e-04
   1.1348968e-04
   1.1364814e-04
   1.1099896e-04
   1.0597507e-04
   9.9009368e-05
   9.0534772e-05
   8.0989201e-05
   7.0879312e-05
   6.0918726e-05
   5.1898435e-05
   4.4572465e-05
   3.9518294e-05
   3.7101730e-05
   3.7010441e-05
   3.8726084e-05
   4.1696110e-05
   4.5366566e-05
   4.9268046e-05
   5.3169194e-05
   5.6896467e-05
   6.0276324e-05
   6.3135220e-05
   6.5344650e-05
   6.6956248e-05
   6.8060724e-05
   6.8724944e-05
   6.9009814e-05
   6.8976236e-05
   6.8685115e-05
   6.8197357e-05
   6.7573864e-05
   6.6875543e-05
   6.6143774e-05
   6.5330802e-05
   6.4353187e-05
   6.3229545e-05
   6.2010747e-05
   6.0748722e-05
   5.9495401e-05
   5.8302715e-05
   5.7222595e-05
   5.6306971e-05
   5.5607774e-05
   5.5176934e-05
   5.5066383e-05
   5.5328050e-05
   5.6003220e-05
   5.7083380e-05
   5.8520540e-05
   6.0259500e-05
   6.2245061e-05
   6.4422024e-05
   6.6735189e-05
   6.9129357e-05
   7.1549330e-05
   7.3939907e-05
   7.6245889e-05
   7.8412078e-05
   8.0383274e-05
   8.2104278e-05
   8.3519890e-05
   8.4589483e-05
   8.5341908e-05
   8.5865389e-05
   8.6259346e-05
   8.6623199e-05
   8.7056371e-05
   8.7658281e-05
   8.8521156e-05
   8.9724181e-05
   9.1402298e-05
   9.3706184e-05
   9.6786517e-05
   1.0079397e-04
   1.0587923e-04
   1.1205905e-04
   1.1881447e-04
   1.2549263e-04
   1.3144065e-04
   1.3600566e-04
   1.3853480e-04
   1.3852680e-04
   1.3608689e-04
   1.3147193e-04
   1.2493876e-04
   1.1674423e-04
   1.0721684e-04
   9.6991191e-05
   8.6851259e-05
   7.7600465e-05
   6.9985305e-05
   6.4478523e-05
   6.1233640e-05
   6.0045828e-05
   6.0632192e-05
   6.2709834e-05
   6.5995857e-05
   7.0187696e-05
   7.4905012e-05
   7.9782601e-05
   8.4580895e-05
   8.9091508e-05
   9.3106051e-05
   9.6416141e-05
   9.8813389e-05
   1.0008941e-04
   1.0010319e-04
   9.8983221e-05
   9.6925361e-05
   9.4125474e-05
   9.0779422e-05
   8.7083067e-05
   8.3226547e-05
   7.9364160e-05
   7.5605023e-05
   7.2094564e-05
   6.8990522e-05
   6.6450637e-05
   6.4617645e-05
   6.3571565e-05
   6.3328643e-05
   6.3750372e-05
   6.4660235e-05
   6.5881710e-05
   6.7238279e-05
   6.8553421e-05
   6.9675773e-05
   7.0554587e-05
   7.1164273e-05
   7.1479239e-05
   7.1473893e-05
   7.1122645e-05
   7.0409189e-05
   6.9380252e-05
   6.8195406e-05
   6.7040113e-05
   6.6099835e-05
   6.5560031e-05
   6.5606165e-05
   6.6423697e-05
   6.8123447e-05
   7.0517661e-05
   7.3343942e-05
   7.6339897e-05
   7.9243127e-05
   8.1791238e-05
   8.3721834e-05
   8.4772518e-05
   8.4712204e-05
   8.3477607e-05
   8.1207016e-05
   7.8081282e-05
   7.4281261e-05
   6.9987805e-05
   6.5381769e-05
   6.0718071e-05
   5.6547895e-05
   5.3496489e-05
   5.2189101e-05
   5.3250980e-05
   5.7127900e-05
   6.3547742e-05
   7.2058914e-05
   8.2195269e-05
   9.3421065e-05
   1.0514105e-04
   1.1675080e-04
   1.2764647e-04
   1.3722420e-04
   1.4488011e-04
   1.5001037e-04
   1.5218061e-04
   1.5163458e-04
   1.4878551e-04
   1.4404666e-04
   1.3783127e-04
   1.3055495e-04
   1.2260878e-04
   1.1427399e-04
   1.0589161e-04
   9.7826144e-05
   9.0442081e-05
   8.4103910e-05
   7.9140106e-05
   7.5682184e-05
   7.3614067e-05
   7.2766788e-05
   7.2971376e-05
   7.4058863e-05
   7.5860280e-05
   7.8206657e-05
   8.0929027e-05
   8.3835061e-05
   8.6695424e-05
   8.9483125e-05
   9.2227598e-05
   9.4958278e-05
   9.7704598e-05
   1.0049599e-04
   1.0336190e-04
   1.0633175e-04
   1.0943498e-04
   1.1270103e-04
   1.1612513e-04
   1.1957585e-04
   1.2292785e-04
   1.2606584e-04
   1.2887454e-04
   1.3123868e-04
   1.3304296e-04
   1.3417213e-04
   1.3452863e-04
   1.3408594e-04
   1.3283525e-04
   1.3076777e-04
   1.2787470e-04
   1.2414726e-04
   1.1957558e-04
   1.1421624e-04
   1.0840741e-04
   1.0255793e-04
   9.7076627e-05
   9.2372347e-05
   8.8853925e-05
   8.6930196e-05
   8.6987820e-05
   8.9171278e-05
   9.2989004e-05
   9.7795969e-05
   1.0294714e-04
   1.0779749e-04
   1.1170198e-04
   1.1401559e-04
   1.1409328e-04
   1.1143552e-04
   1.0617973e-04
   9.8828664e-05
   8.9940051e-05
   8.0071616e-05
   6.9781083e-05
   5.9735914e-05
   5.1060881e-05
   4.5063935e-05
   4.2982347e-05
   4.5422787e-05
   5.1805113e-05
   6.1274739e-05
   7.2927416e-05
   8.5648458e-05
   9.8355218e-05
   1.1046841e-04
   1.2153752e-04
   1.3111205e-04
   1.3880083e-04
   1.4450656e-04
   1.4839736e-04
   1.5061919e-04
   1.5129833e-04
   1.5054727e-04
   1.4842316e-04
   1.4496938e-04
   1.4026290e-04
   1.3451310e-04
   1.2796607e-04
   1.2091268e-04
   1.1365549e-04
   1.0649707e-04
   9.9739996e-05
   9.3642330e-05
   8.8289078e-05
   8.3718046e-05
   7.9882132e-05
   7.6711770e-05
   7.4121340e-05
   7.1960984e-05
   7.0076307e-05
   6.8381599e-05
   6.6893087e-05
   6.5649608e-05
   6.4689998e-05
   6.4053092e-05
