   2.6527720e-01
   2.7434419e-01
   2.8302417e-01
   2.9130640e-01
   2.9918015e-01
   3.0663469e-01
   3.1365930e-01
   3.2024324e-01
   3.2637578e-01
   3.3204620e-01
   3.3724376e-01
   3.4195773e-01
   3.4617739e-01
   3.4989200e-01
   3.5309083e-01
   3.5576316e-01
   3.5789826e-01
   3.5948538e-01
   3.6051382e-01
   3.6097283e-01
   3.6085168e-01
   3.6013965e-01
   3.5882600e-01
   3.5690002e-01
   3.5435650e-01
   3.5121245e-01
   3.4749043e-01
   3.4321298e-01
   3.3840264e-01
   3.3308197e-01
   3.2727351e-01
   3.2099981e-01
   3.1428341e-01
   3.0714688e-01
   2.9961274e-01
   2.9170355e-01
   2.8344187e-01
   2.7485022e-01
   2.6595118e-01
   2.5676727e-01
   2.4732105e-01
   2.3763507e-01
   2.2773187e-01
   2.1763400e-01
   2.0736401e-01
   1.9694445e-01
   1.8639787e-01
   1.7574680e-01
   1.6501381e-01
   1.5422143e-01
   1.4339222e-01
   1.3254872e-01
   1.2171349e-01
   1.1090906e-01
   1.0015799e-01
   8.9482818e-02
   7.8906101e-02
   6.8450383e-02
   5.8136487e-02
   4.7977108e-02
   3.7978085e-02
   2.8142997e-02
   1.8474781e-02
   8.9762488e-03
   3.4988055e-04
   9.5009119e-03
   1.8474150e-02
   2.7266899e-02
   3.5876464e-02
   4.4300149e-02
   5.2535260e-02
   6.0579100e-02
   6.8428975e-02
   7.6082189e-02
   8.3536046e-02
   9.0787852e-02
   9.7834910e-02
   1.0467453e-01
   1.1130400e-01
   1.1772065e-01
   1.2392177e-01
   1.2990466e-01
   1.3566663e-01
   1.4120499e-01
   1.4651704e-01
   1.5160008e-01
   1.5645142e-01
   1.6106837e-01
   1.6544822e-01
   1.6958829e-01
   1.7348588e-01
   1.7713829e-01
   1.8054282e-01
   1.8369679e-01
   1.8659749e-01
   1.8924223e-01
   1.9162832e-01
   1.9375306e-01
   1.9561376e-01
   1.9720771e-01
   1.9853223e-01
   1.9958462e-01
   2.0036300e-01
   2.0086836e-01
   2.0110066e-01
   2.0106059e-01
   2.0075372e-01
   2.0018688e-01
   1.9936689e-01
   1.9830054e-01
   1.9699467e-01
   1.9545609e-01
   1.9369161e-01
   1.9170805e-01
   1.8951222e-01
   1.8711094e-01
   1.8451103e-01
   1.8171931e-01
   1.7874258e-01
   1.7558766e-01
   1.7226137e-01
   1.6877053e-01
   1.6512195e-01
   1.6132244e-01
   1.5737883e-01
   1.5329793e-01
   1.4908655e-01
   1.4475151e-01
   1.4029962e-01
   1.3573771e-01
   1.3107258e-01
   1.2631105e-01
   1.2145994e-01
   1.1652607e-01
   1.1151625e-01
   1.0643729e-01
   1.0129601e-01
   9.6099231e-02
   9.0853764e-02
   8.5566425e-02
   8.0244031e-02
   7.4893396e-02
   6.9521337e-02
   6.4134670e-02
   5.8740210e-02
   5.3344772e-02
   4.7955174e-02
   4.2578230e-02
   3.7220756e-02
   3.1889568e-02
   2.6591481e-02
   2.1333313e-02
   1.6121877e-02
   1.0963990e-02
   5.8664681e-03
   8.3612643e-04
   4.1202190e-03
   8.9957526e-03
   1.3783658e-02
   1.8477154e-02
   2.3069591e-02
   2.7554353e-02
   3.1924825e-02
   3.6174392e-02
   4.0296437e-02
   4.4284484e-02
   4.8132612e-02
   5.1835038e-02
   5.5385980e-02
   5.8779780e-02
   6.2011321e-02
   6.5076089e-02
   6.7971507e-02
   7.0698165e-02
   7.3258968e-02
   7.5657247e-02
   7.7896331e-02
   7.9979553e-02
   8.1910241e-02
   8.3691728e-02
   8.5327345e-02
   8.6820420e-02
   8.8174286e-02
   8.9392274e-02
   9.0477713e-02
   9.1433934e-02
   9.2264269e-02
   9.2972048e-02
   9.3560601e-02
   9.4033260e-02
   9.4393355e-02
   9.4644217e-02
   9.4789177e-02
   9.4831564e-02
   9.4774711e-02
   9.4621947e-02
   9.4376604e-02
   9.4042012e-02
   9.3621502e-02
   9.3118405e-02
   9.2536050e-02
   9.1877770e-02
   9.1146895e-02
   9.0346754e-02
   8.9480681e-02
   8.8552004e-02
   8.7564054e-02
   8.6520163e-02
   8.5423661e-02
   8.4277879e-02
   8.3086147e-02
   8.1851796e-02
   8.0578157e-02
   7.9268561e-02
   7.7926338e-02
   7.6554820e-02
   7.5157336e-02
   7.3737217e-02
   7.2297795e-02
   7.0842399e-02
   6.9374362e-02
   6.7897012e-02
   6.6413682e-02
   6.4927923e-02
   6.3444217e-02
   6.1967572e-02
   6.0502986e-02
   5.9052877e-02
   5.7617522e-02
   5.6196802e-02
   5.4790602e-02
   5.3398804e-02
   5.2021292e-02
   5.0657949e-02
   4.9308657e-02
   4.7973300e-02
   4.6651762e-02
   4.5343925e-02
   4.4049672e-02
   4.2768886e-02
   4.1501452e-02
   4.0247251e-02
   3.9006167e-02
   3.7778083e-02
   3.6562883e-02
   3.5360449e-02
   3.4170664e-02
   3.2993413e-02
   3.1828577e-02
   3.0676040e-02
   2.9535685e-02
   2.8407395e-02
   2.7291054e-02
   2.6186544e-02
   2.5093750e-02
   2.4012552e-02
   2.2942836e-02
   2.1884484e-02
   2.0837380e-02
   1.9801405e-02
   1.8776445e-02
   1.7762381e-02
   1.6759097e-02
   1.5766475e-02
   1.4784400e-02
   1.3812754e-02
   1.2851421e-02
   1.1900283e-02
   1.0959224e-02
   1.0028127e-02
   9.1068745e-03
   8.1953504e-03
   7.2934375e-03
   6.4010190e-03
   5.5179781e-03
   4.6441979e-03
   3.7795615e-03
   2.9239521e-03
   2.0772529e-03
   1.2393469e-03
   4.1011734e-04
   4.1055265e-04
   1.2227799e-03
   2.0266814e-03
   2.8223738e-03
   3.6099741e-03
   4.3895992e-03
   5.1613658e-03
   5.9253908e-03
   6.6817912e-03
   7.4306837e-03
   8.1721852e-03
   8.9064125e-03
   9.6334826e-03
   1.0353512e-02
   1.1066618e-02
   1.1772918e-02
   1.2472527e-02
   1.3165680e-02
   1.3853171e-02
   1.4536382e-02
   1.5217138e-02
   1.5897467e-02
   1.6579755e-02
   1.7266380e-02
   1.7959330e-02
   1.8659322e-02
   1.9365644e-02
   2.0077325e-02
   2.0793563e-02
   2.1513597e-02
   2.2236667e-02
   2.2962010e-02
   2.3688868e-02
   2.4416477e-02
   2.5144079e-02
   2.5870911e-02
   2.6596213e-02
   2.7319223e-02
   2.8039182e-02
   2.8755327e-02
   2.9466899e-02
   3.0173135e-02
   3.0873276e-02
   3.1566560e-02
   3.2252227e-02
   3.2929515e-02
   3.3597663e-02
   3.4255912e-02
   3.4903499e-02
   3.5539663e-02
   3.6163645e-02
   3.6774682e-02
   3.7372015e-02
   3.7954882e-02
   3.8522522e-02
   3.9074174e-02
   3.9609077e-02
   4.0126471e-02
   4.0625595e-02
   4.1105687e-02
   4.1565987e-02
   4.2005734e-02
   4.2424166e-02
   4.2820523e-02
   4.3194045e-02
   4.3543969e-02
   4.3869536e-02
   4.4169984e-02
   4.4444552e-02
   4.4692480e-02
   4.4913006e-02
   4.5105370e-02
   4.5268810e-02
   4.5402566e-02
   4.5505877e-02
   4.5577982e-02
   4.5618120e-02
   4.5625530e-02
   4.5599451e-02
   4.5539123e-02
   4.5443783e-02
   4.5312672e-02
   4.5145029e-02
   4.4940092e-02
   4.4697101e-02
   4.4415294e-02
   4.4093911e-02
   4.3732191e-02
   4.3329374e-02
   4.2884697e-02
   4.2397400e-02
   4.1866722e-02
   4.1291903e-02
   4.0672181e-02
   4.0006796e-02
   3.9294986e-02
   3.8535991e-02
   3.7729049e-02
   3.6873265e-02
   3.5967036e-02
   3.5008022e-02
   3.3994255e-02
   3.2925559e-02
   3.1803588e-02
   3.0630349e-02
   2.9407846e-02
   2.8138212e-02
   2.6824150e-02
   2.5468702e-02
   2.4074962e-02
   2.2646025e-02
   2.1184984e-02
   1.9694935e-02
   1.8178970e-02
   1.6640185e-02
   1.5081674e-02
   1.3506530e-02
   1.1917847e-02
   1.0318721e-02
   8.7122445e-03
   7.1015126e-03
   5.4896190e-03
   3.8796582e-03
   2.2747241e-03
   6.7791103e-04
   9.0768690e-04
   2.4789755e-03
   4.0328606e-03
   5.5662480e-03
   7.0760436e-03
   8.5591531e-03
   1.0012483e-02
   1.1432938e-02
   1.2817424e-02
   1.4162848e-02
   1.5466115e-02
   1.6724130e-02
   1.7933801e-02
   1.9092032e-02
   2.0195730e-02
   2.1241800e-02
   2.2227148e-02
   2.3148679e-02
   2.4003301e-02
   2.4787918e-02
   2.5499437e-02
   2.6134763e-02
   2.6690801e-02
   2.7164559e-02
   2.7553494e-02
   2.7855470e-02
   2.8068981e-02
   2.8193915e-02
   2.8232584e-02
   2.8187803e-02
   2.8062215e-02
   2.7858275e-02
   2.7578309e-02
   2.7224591e-02
   2.6799702e-02
   2.6306290e-02
   2.5747089e-02
   2.5125199e-02
   2.4443946e-02
   2.3706692e-02
   2.2916799e-02
   2.2077630e-02
   2.1192546e-02
   2.0264911e-02
   1.9298085e-02
   1.8295432e-02
   1.7260314e-02
   1.6196094e-02
   1.5106132e-02
   1.3993792e-02
   1.2862436e-02
   1.1715427e-02
   1.0556125e-02
   9.3878949e-03
   8.2140975e-03
   7.0380953e-03
   5.8632508e-03
   4.6929260e-03
   3.5304834e-03
   2.3792852e-03
   1.2426937e-03
   1.2407107e-04
   9.7322032e-04
   2.0458182e-03
   3.0903604e-03
   4.1034845e-03
   5.0818283e-03
   6.0220295e-03
   6.9207258e-03
   7.7745614e-03
   8.5802053e-03
   9.3343333e-03
   1.0033621e-02
   1.0674665e-02
   1.1253751e-02
   1.1767084e-02
   1.2210871e-02
   1.2581316e-02
   1.2874628e-02
   1.3087011e-02
   1.3214672e-02
   1.3253816e-02
   1.3201181e-02
   1.3056436e-02
   1.2823041e-02
   1.2505391e-02
   1.2108208e-02
   1.1636350e-02
   1.1094718e-02
   1.0488274e-02
   9.8220629e-03
   9.1012408e-03
   8.3310653e-03
   7.5169716e-03
   6.6646992e-03
   5.7805665e-03
   4.8717081e-03
   3.9466638e-03
   3.0166362e-03
   2.0958103e-03
   1.1990643e-03
   3.4139342e-04
   4.6272812e-04
   1.1993602e-03
   1.8555059e-03
   2.4215453e-03
   2.8980453e-03
   3.2925037e-03
   3.6175907e-03
   3.8866978e-03
   4.1121396e-03
   4.3017252e-03
   4.4574090e-03
   4.5793086e-03
   4.6683443e-03
   4.7265867e-03
   4.7577376e-03
   4.7685334e-03
   4.7666838e-03
   4.7593418e-03
   4.7517128e-03
   4.7470301e-03
   4.7463553e-03
   4.7474697e-03
   4.7479112e-03
   4.7457153e-03
   4.7390216e-03
   4.7261052e-03
   4.7061126e-03
   4.6795970e-03
   4.6480873e-03
   4.6137169e-03
   4.5784787e-03
   4.5438617e-03
   4.5111723e-03
   4.4816614e-03
   4.4564049e-03
   4.4361752e-03
   4.4214702e-03
   4.4123315e-03
   4.4073649e-03
   4.4045864e-03
   4.4020552e-03
   4.3977582e-03
   4.3896912e-03
   4.3762946e-03
   4.3569743e-03
   4.3315664e-03
   4.3000360e-03
   4.2623420e-03
   4.2185381e-03
   4.1689583e-03
   4.1140447e-03
   4.0541811e-03
   3.9898354e-03
   3.9215322e-03
   3.8497752e-03
   3.7751340e-03
   3.6982117e-03
   3.6195639e-03
   3.5398439e-03
   3.4596868e-03
   3.3795554e-03
   3.2994843e-03
   3.2192316e-03
   3.1385832e-03
   3.0573773e-03
   2.9754874e-03
   2.8928917e-03
   2.8095736e-03
   2.7254626e-03
   2.6404919e-03
   2.5546237e-03
   2.4679951e-03
   2.3810398e-03
   2.2942886e-03
   2.2080988e-03
   2.1227738e-03
   2.0386254e-03
   1.9556032e-03
   1.8736450e-03
   1.7928242e-03
   1.7134528e-03
   1.6359904e-03
   1.5608111e-03
   1.4880941e-03
   1.4179815e-03
   1.3502689e-03
   1.2838051e-03
   1.2177740e-03
   1.1515107e-03
   1.0843648e-03
   1.0158647e-03
   9.4609209e-04
   8.7553586e-04
   8.0501762e-04
   7.3560967e-04
   6.6873840e-04
   6.0587982e-04
   5.4761261e-04
   4.9370328e-04
   4.4378505e-04
   3.9744829e-04
   3.5418821e-04
   3.1398711e-04
   2.7719821e-04
   2.4487519e-04
   2.1845188e-04
   1.9873778e-04
   1.8504109e-04
   1.7580837e-04
   1.6973761e-04
   1.6560686e-04
   1.6218776e-04
   1.5826774e-04
   1.5296407e-04
   1.4646922e-04
   1.3921205e-04
   1.3161383e-04
   1.2409223e-04
   1.1701571e-04
   1.1063952e-04
   1.0530448e-04
   1.0138159e-04
   9.9241813e-05
   9.9339712e-05
   1.0213776e-04
   1.0687643e-04
   1.1246979e-04
   1.1783189e-04
   1.2187681e-04
   1.2351861e-04
   1.2219920e-04
   1.1947194e-04
   1.1741802e-04
   1.1811862e-04
   1.2313220e-04
   1.3192620e-04
   1.4344530e-04
   1.5663419e-04
   1.7047612e-04
   1.8394021e-04
   1.9536109e-04
   2.0290512e-04
   2.0473865e-04
   1.9970903e-04
   1.8938759e-04
   1.7602663e-04
   1.6187846e-04
   1.4919538e-04
   1.4002142e-04
   1.3523947e-04
   1.3421243e-04
   1.3597532e-04
   1.3956312e-04
   1.4401084e-04
   1.4817200e-04
   1.5032269e-04
   1.4915118e-04
   1.4349415e-04
   1.3218829e-04
   1.1477340e-04
   9.3680759e-05
   7.2261578e-05
   5.3497159e-05
   3.9809104e-05
   3.2288794e-05
   3.0714191e-05
   3.4598243e-05
   4.3453899e-05
   5.6794106e-05
   7.4063164e-05
   9.4225109e-05
   1.1533111e-04
   1.3514047e-04
   1.5139096e-04
   1.6182034e-04
   1.6416639e-04
   1.5704201e-04
   1.4256070e-04
   1.2371109e-04
   1.0348184e-04
   8.4861565e-05
   7.0272190e-05
   5.9880990e-05
   5.3337677e-05
   5.0304255e-05
   5.0660285e-05
   5.4738020e-05
   6.1417100e-05
   6.9159625e-05
   7.6445218e-05
   8.2099227e-05
   8.6067051e-05
   8.8569721e-05
   8.9828268e-05
   9.0063724e-05
   8.9586147e-05
   8.8884917e-05
   8.7831285e-05
   8.6119711e-05
   8.3444656e-05
   7.9743682e-05
   7.5884578e-05
   7.2809498e-05
   7.1418415e-05
   7.2611299e-05
   7.6997316e-05
   8.4022078e-05
   9.2839082e-05
   1.0260150e-04
   1.1246249e-04
   1.2158410e-04
   1.2916386e-04
   1.3450973e-04
   1.3742294e-04
   1.3815447e-04
   1.3704233e-04
   1.3442456e-04
   1.3063918e-04
   1.2602422e-04
   1.2094190e-04
   1.1581933e-04
   1.1098082e-04
   1.0672245e-04
   1.0334125e-04
   1.0113423e-04
   1.0039841e-04
   1.0143081e-04
   1.0452843e-04
   1.0998810e-04
   1.1798956e-04
   1.2820917e-04
   1.4005360e-04
   1.5289115e-04
   1.6609014e-04
   1.7901889e-04
   1.9104568e-04
   2.0153885e-04
   2.0986668e-04
   2.1539751e-04
   2.1767367e-04
   2.1693377e-04
   2.1359042e-04
   2.0805626e-04
   2.0074392e-04
   1.9206603e-04
   1.8243523e-04
   1.7226415e-04
   1.6196541e-04
   1.5195166e-04
   1.4263552e-04
   1.3436616e-04
   1.2722672e-04
   1.2118374e-04
   1.1617357e-04
   1.1212417e-04
   1.0896239e-04
   1.0661513e-04
   1.0500926e-04
   1.0407167e-04
   1.0372922e-04
   1.0390881e-04
   1.0453730e-04
   1.0554158e-04
   1.0684853e-04
   1.0838503e-04
   1.1007795e-04
   1.1185418e-04
   1.1364059e-04
   1.1536406e-04
   1.1695148e-04
   1.1832972e-04
   1.1946815e-04
   1.2047458e-04
   1.2137329e-04
   1.2215704e-04
   1.2281860e-04
   1.2335075e-04
   1.2374624e-04
   1.2399786e-04
   1.2409836e-04
   1.2402065e-04
   1.2365813e-04
   1.2288434e-04
   1.2157282e-04
   1.1959710e-04
   1.1683073e-04
   1.1314724e-04
   1.0848542e-04
   1.0304512e-04
   9.7091395e-05
   9.0889351e-05
   8.4704067e-05
   7.8800629e-05
   7.3444123e-05
   6.8863080e-05
   6.5139820e-05
   6.2320108e-05
   6.0449709e-05
   5.9574390e-05
   5.9739915e-05
   6.0992050e-05
   6.3336918e-05
   6.6622071e-05
   7.0655419e-05
   7.5244870e-05
   8.0198333e-05
   8.5323719e-05
   9.0428936e-05
   9.5321894e-05
   9.9810502e-05
   1.0370267e-04
   1.0680630e-04
   1.0893206e-04
   1.0995923e-04
   1.1001897e-04
   1.0937428e-04
   1.0830671e-04
   1.0709782e-04
   1.0602916e-04
   1.0538230e-04
   1.0543878e-04
   1.0648017e-04
   1.0869473e-04
   1.1190752e-04
   1.1588980e-04
   1.2042273e-04
   1.2528746e-04
   1.3026513e-04
   1.3513688e-04
   1.3968388e-04
   1.4368726e-04
   1.4692817e-04
   1.4919555e-04
   1.5032271e-04
   1.5022096e-04
   1.4890982e-04
   1.4653197e-04
   1.4326795e-04
   1.3930134e-04
   1.3481573e-04
   1.2999470e-04
   1.2502182e-04
   1.2008067e-04
   1.1535485e-04
   1.1102792e-04
   1.0728348e-04
   1.0430510e-04
   1.0227636e-04
   1.0136952e-04
   1.0167922e-04
   1.0315942e-04
   1.0573174e-04
   1.0931782e-04
   1.1383927e-04
   1.1921772e-04
   1.2537011e-04
   1.3215399e-04
   1.3925999e-04
   1.4633817e-04
   1.5303862e-04
   1.5901138e-04
   1.6390652e-04
   1.6737412e-04
   1.6906423e-04
   1.6871419e-04
   1.6641044e-04
   1.6232668e-04
   1.5663661e-04
   1.4951394e-04
   1.4113238e-04
   1.3166561e-04
   1.2133924e-04
   1.1058999e-04
   9.9921128e-05
   8.9839534e-05
   8.0852109e-05
   7.3465751e-05
   6.8187357e-05
   6.5441489e-05
   6.5278093e-05
   6.7483691e-05
   7.1799536e-05
   7.7966877e-05
   8.5726965e-05
   9.4821052e-05
   1.0499039e-04
   1.1597037e-04
   1.2741797e-04
   1.3876410e-04
   1.4938464e-04
   1.5865546e-04
   1.6595244e-04
   1.7065145e-04
   1.7212837e-04
   1.6981872e-04
   1.6358877e-04
   1.5413283e-04
   1.4233731e-04
   1.2908864e-04
   1.1527323e-04
   1.0177749e-04
   8.9487850e-05
   7.9131008e-05
   7.0801144e-05
   6.4457885e-05
   6.0067150e-05
   5.7594856e-05
   5.7006923e-05
   5.8263442e-05
   6.1273643e-05
   6.5830654e-05
   7.1700034e-05
   7.8647343e-05
   8.6438141e-05
   9.4808836e-05
   1.0337923e-04
   1.1179634e-04
   1.1993256e-04
   1.2771666e-04
   1.3507739e-04
   1.4194352e-04
   1.4818219e-04
   1.5344326e-04
   1.5743140e-04
   1.5988038e-04
   1.6052397e-04
   1.5919111e-04
   1.5609137e-04
   1.5152950e-04
   1.4581023e-04
   1.3923830e-04
   1.3214022e-04
   1.2486314e-04
   1.1751037e-04
   1.1011880e-04
   1.0272531e-04
   9.5485903e-05
   8.8979474e-05
   8.3690149e-05
   8.0048587e-05
   7.8485447e-05
   7.9344244e-05
   8.2545269e-05
   8.7623113e-05
   9.4037726e-05
   1.0128187e-04
   1.0897220e-04
   1.1667109e-04
   1.2370317e-04
   1.2933549e-04
   1.3283509e-04
   1.3356435e-04
   1.3140116e-04
   1.2685535e-04
   1.2057090e-04
   1.1319181e-04
   1.0536204e-04
   9.7772380e-05
   9.1246618e-05
   8.6438615e-05
   8.3948054e-05
   8.4374619e-05
   8.8105933e-05
   9.4621447e-05
   1.0294876e-04
   1.1205553e-04
   1.2093321e-04
   1.2878973e-04
   1.3533141e-04
   1.4034545e-04
   1.4360896e-04
   1.4489907e-04
   1.4399289e-04
   1.4075762e-04
   1.3545344e-04
   1.2856096e-04
   1.2059338e-04
   1.1206391e-04
   1.0348577e-04
   9.5372161e-05
   8.8236287e-05
   8.2591358e-05
   7.8935036e-05
   7.7613012e-05
   7.8518613e-05
   8.1144689e-05
   8.4906414e-05
   8.9218962e-05
   9.3497508e-05
   9.7157227e-05
   9.9613293e-05
   1.0040742e-04
