   2.1182414e-01
   2.1167510e-01
   2.1130682e-01
   2.1072366e-01
   2.0993170e-01
   2.0893705e-01
   2.0774580e-01
   2.0636406e-01
   2.0479791e-01
   2.0305346e-01
   2.0113680e-01
   1.9905403e-01
   1.9681124e-01
   1.9441454e-01
   1.9187002e-01
   1.8918377e-01
   1.8636189e-01
   1.8341049e-01
   1.8033565e-01
   1.7714348e-01
   1.7384007e-01
   1.7043151e-01
   1.6692391e-01
   1.6332375e-01
   1.5963858e-01
   1.5587423e-01
   1.5203601e-01
   1.4812922e-01
   1.4415917e-01
   1.4013118e-01
   1.3605055e-01
   1.3192259e-01
   1.2775261e-01
   1.2354591e-01
   1.1930781e-01
   1.1504361e-01
   1.1075862e-01
   1.0645816e-01
   1.0214752e-01
   9.7832018e-02
   9.3516962e-02
   8.9207659e-02
   8.4909419e-02
   8.0627549e-02
   7.6367358e-02
   7.2134155e-02
   6.7933059e-02
   6.3767898e-02
   5.9640128e-02
   5.5550663e-02
   5.1500416e-02
   4.7490299e-02
   4.3521225e-02
   3.9594107e-02
   3.5709859e-02
   3.1869392e-02
   2.8073621e-02
   2.4323457e-02
   2.0619813e-02
   1.6963603e-02
   1.3355740e-02
   9.7971354e-03
   6.2887031e-03
   2.8313557e-03
   5.7399388e-04
   3.9264327e-03
   7.2250480e-03
   1.0468927e-02
   1.3657156e-02
   1.6788824e-02
   1.9863016e-02
   2.2878820e-02
   2.5835323e-02
   2.8731613e-02
   3.1566776e-02
   3.4339900e-02
   3.7050071e-02
   3.9696377e-02
   4.2277905e-02
   4.4793742e-02
   4.7242975e-02
   4.9624692e-02
   5.1937979e-02
   5.4181923e-02
   5.6356036e-02
   5.8461525e-02
   6.0499969e-02
   6.2472504e-02
   6.4379320e-02
   6.6220381e-02
   6.7995653e-02
   6.9705099e-02
   7.1348685e-02
   7.2926376e-02
   7.4438135e-02
   7.5883928e-02
   7.7263720e-02
   7.8577475e-02
   7.9825158e-02
   8.1006733e-02
   8.2122166e-02
   8.3171421e-02
   8.4154463e-02
   8.5071256e-02
   8.5921766e-02
   8.6705956e-02
   8.7423792e-02
   8.8075238e-02
   8.8660260e-02
   8.9178821e-02
   8.9630887e-02
   9.0016421e-02
   9.0335390e-02
   9.0587758e-02
   9.0773489e-02
   9.0892548e-02
   9.0944900e-02
   9.0930509e-02
   9.0849340e-02
   9.0701359e-02
   9.0486529e-02
   9.0204816e-02
   8.9856183e-02
   8.9440597e-02
   8.8958021e-02
   8.8408420e-02
   8.7791759e-02
   8.7108003e-02
   8.6357117e-02
   8.5539064e-02
   8.4653810e-02
   8.3701320e-02
   8.2681558e-02
   8.1594489e-02
   8.0440078e-02
   7.9218264e-02
   7.7929290e-02
   7.6574999e-02
   7.5157638e-02
   7.3679456e-02
   7.2142702e-02
   7.0549622e-02
   6.8902466e-02
   6.7203481e-02
   6.5454915e-02
   6.3659017e-02
   6.1818035e-02
   5.9934217e-02
   5.8009810e-02
   5.6047064e-02
   5.4048226e-02
   5.2015544e-02
   4.9951266e-02
   4.7857642e-02
   4.5736917e-02
   4.3591342e-02
   4.1423164e-02
   3.9234630e-02
   3.7027990e-02
   3.4805491e-02
   3.2569382e-02
   3.0321910e-02
   2.8065324e-02
   2.5801872e-02
   2.3533801e-02
   2.1263361e-02
   1.8992799e-02
   1.6724363e-02
   1.4460301e-02
   1.2202862e-02
   9.9542937e-03
   7.7168441e-03
   5.4927615e-03
   3.2842939e-03
   1.0936894e-03
   1.0768038e-03
   3.2249376e-03
   5.3484639e-03
   7.4451346e-03
   9.5127014e-03
   1.1548916e-02
   1.3551531e-02
   1.5518298e-02
   1.7446969e-02
   1.9335295e-02
   2.1181029e-02
   2.2981922e-02
   2.4735726e-02
   2.6440194e-02
   2.8093076e-02
   2.9692126e-02
   3.1235094e-02
   3.2719732e-02
   3.4143794e-02
   3.5505029e-02
   3.6801191e-02
   3.8030031e-02
   3.9189301e-02
   4.0276753e-02
   4.1290555e-02
   4.2230703e-02
   4.3098275e-02
   4.3894515e-02
   4.4620666e-02
   4.5277971e-02
   4.5867676e-02
   4.6391022e-02
   4.6849255e-02
   4.7243616e-02
   4.7575351e-02
   4.7845703e-02
   4.8055915e-02
   4.8207231e-02
   4.8300895e-02
   4.8338150e-02
   4.8320240e-02
   4.8248409e-02
   4.8123900e-02
   4.7947957e-02
   4.7721824e-02
   4.7446743e-02
   4.7123960e-02
   4.6754717e-02
   4.6340258e-02
   4.5881827e-02
   4.5380668e-02
   4.4838023e-02
   4.4255137e-02
   4.3633254e-02
   4.2973616e-02
   4.2277469e-02
   4.1546054e-02
   4.0780617e-02
   3.9982400e-02
   3.9152647e-02
   3.8292602e-02
   3.7403509e-02
   3.6486611e-02
   3.5543151e-02
   3.4574374e-02
   3.3581523e-02
   3.2565842e-02
   3.1528575e-02
   3.0470964e-02
   2.9394254e-02
   2.8299688e-02
   2.7188510e-02
   2.6061964e-02
   2.4921293e-02
   2.3767741e-02
   2.2602552e-02
   2.1426969e-02
   2.0242235e-02
   1.9049595e-02
   1.7850292e-02
   1.6645570e-02
   1.5436672e-02
   1.4224843e-02
   1.3011325e-02
   1.1797362e-02
   1.0584161e-02
   9.3727226e-03
   8.1637238e-03
   6.9575511e-03
   5.7546279e-03
   4.5554037e-03
   3.3603277e-03
   2.1698492e-03
   9.8441761e-04
   1.9551789e-04
   1.3695079e-03
   2.5371033e-03
   3.6978546e-03
   4.8513125e-03
   5.9970279e-03
   7.1345513e-03
   8.2634334e-03
   9.3832250e-03
   1.0493477e-02
   1.1593739e-02
   1.2683564e-02
   1.3762500e-02
   1.4830100e-02
   1.5885913e-02
   1.6929490e-02
   1.7960383e-02
   1.8978141e-02
   1.9982316e-02
   2.0972458e-02
   2.1948117e-02
   2.2908846e-02
   2.3854193e-02
   2.4783711e-02
   2.5696949e-02
   2.6593458e-02
   2.7472790e-02
   2.8334494e-02
   2.9178122e-02
   3.0003224e-02
   3.0809351e-02
   3.1596053e-02
   3.2362882e-02
   3.3109387e-02
   3.3835120e-02
   3.4539632e-02
   3.5222473e-02
   3.5883193e-02
   3.6521344e-02
   3.7136476e-02
   3.7728140e-02
   3.8295886e-02
   3.8839265e-02
   3.9357829e-02
   3.9851127e-02
   4.0318711e-02
   4.0760130e-02
   4.1174937e-02
   4.1562680e-02
   4.1922912e-02
   4.2255183e-02
   4.2559043e-02
   4.2834044e-02
   4.3079735e-02
   4.3295668e-02
   4.3481394e-02
   4.3636462e-02
   4.3760425e-02
   4.3852831e-02
   4.3913233e-02
   4.3941181e-02
   4.3936225e-02
   4.3897916e-02
   4.3825806e-02
   4.3719444e-02
   4.3578381e-02
   4.3402168e-02
   4.3190357e-02
   4.2942496e-02
   4.2658138e-02
   4.2336832e-02
   4.1978130e-02
   4.1581607e-02
   4.1146965e-02
   4.0674083e-02
   4.0162994e-02
   3.9613860e-02
   3.9026956e-02
   3.8402663e-02
   3.7741437e-02
   3.7043900e-02
   3.6311094e-02
   3.5544180e-02
   3.4744392e-02
   3.3913024e-02
   3.3051542e-02
   3.2161457e-02
   3.1244281e-02
   3.0301524e-02
   2.9334697e-02
   2.8345310e-02
   2.7334875e-02
   2.6304901e-02
   2.5256901e-02
   2.4192384e-02
   2.3112862e-02
   2.2019845e-02
   2.0914844e-02
   1.9799369e-02
   1.8674932e-02
   1.7543044e-02
   1.6405214e-02
   1.5262954e-02
   1.4117775e-02
   1.2971187e-02
   1.1824701e-02
   1.0679828e-02
   9.5380780e-03
   8.4009629e-03
   7.2699930e-03
   6.1466790e-03
   5.0325316e-03
   3.9290617e-03
   2.8377801e-03
   1.7601974e-03
   6.9782446e-04
   3.4782796e-04
   1.3752491e-03
   2.3829282e-03
   3.3693544e-03
   4.3330171e-03
   5.2724054e-03
   6.1860086e-03
   7.0723159e-03
   7.9298166e-03
   8.7569998e-03
   9.5523548e-03
   1.0314371e-02
   1.1041537e-02
   1.1732343e-02
   1.2385278e-02
   1.2998830e-02
   1.3571490e-02
   1.4101747e-02
   1.4588089e-02
   1.5029005e-02
   1.5422986e-02
   1.5768521e-02
   1.6064098e-02
   1.6308207e-02
   1.6499337e-02
   1.6635977e-02
   1.6716617e-02
   1.6739745e-02
   1.6703852e-02
   1.6607426e-02
   1.6449026e-02
   1.6227632e-02
   1.5943041e-02
   1.5596127e-02
   1.5189182e-02
   1.4726391e-02
   1.4213143e-02
   1.3655037e-02
   1.3057672e-02
   1.2426646e-02
   1.1767560e-02
   1.1086012e-02
   1.0387628e-02
   9.6780343e-03
   8.9624555e-03
   8.2460080e-03
   7.5336093e-03
   6.8291632e-03
   6.1354169e-03
   5.4545455e-03
   4.7886354e-03
   4.1397732e-03
   3.5100453e-03
   2.9015032e-03
   2.3160580e-03
   1.7557078e-03
   1.2229607e-03
   7.2053868e-04
   2.5118686e-04
   1.8244749e-04
   5.7823527e-04
   9.3489121e-04
   1.2522094e-03
   1.5303289e-03
   1.7698150e-03
   1.9714888e-03
   2.1367919e-03
   2.2671351e-03
   2.3632641e-03
   2.4262761e-03
   2.4584089e-03
   2.4629568e-03
   2.4436229e-03
   2.4037231e-03
   2.3464553e-03
   2.2750804e-03
   2.1929892e-03
   2.1030859e-03
   2.0078328e-03
   1.9094561e-03
   1.8100448e-03
   1.7103656e-03
   1.6103056e-03
   1.5096095e-03
   1.4080218e-03
   1.3052871e-03
   1.2011500e-03
   1.0954407e-03
   9.8852311e-04
   8.8168658e-04
   7.7668586e-04
   6.7520129e-04
   5.7868021e-04
   4.8841799e-04
   4.0556830e-04
   3.3072288e-04
   2.6386631e-04
   2.0452224e-04
   1.5204145e-04
   1.0575257e-04
   6.4984204e-05
   2.9064976e-05
   2.6765010e-06
   3.0911610e-05
   5.6123903e-05
   7.8025768e-05
   9.6094310e-05
   1.1002173e-04
   1.1996211e-04
   1.2617705e-04
   1.2903779e-04
   1.2927886e-04
   1.2744330e-04
   1.2399887e-04
   1.1941332e-04
   1.1415441e-04
   1.0856612e-04
   1.0261162e-04
   9.6587477e-05
   9.0904541e-05
   8.5973669e-05
   8.2205716e-05
   8.0011536e-05
   7.9801985e-05
   8.1949877e-05
   8.6570838e-05
   9.3322343e-05
   1.0175684e-04
   1.1142677e-04
   1.2188459e-04
   1.3268274e-04
   1.4337367e-04
   1.5352057e-04
   1.6269970e-04
   1.7037855e-04
   1.7599477e-04
   1.7898596e-04
   1.7878974e-04
   1.7484375e-04
   1.6688864e-04
   1.5587721e-04
   1.4306530e-04
   1.2970874e-04
   1.1706338e-04
   1.0619072e-04
   9.7374909e-05
   9.0705764e-05
   8.6273104e-05
   8.4166744e-05
   8.4476503e-05
   8.7191314e-05
   9.1896576e-05
   9.8076806e-05
   1.0521652e-04
   1.1280023e-04
   1.2031246e-04
   1.2723772e-04
   1.3306052e-04
   1.3726539e-04
   1.3936975e-04
   1.3917496e-04
   1.3712447e-04
   1.3381402e-04
   1.2983937e-04
   1.2579625e-04
   1.2228043e-04
   1.1976813e-04
   1.1825759e-04
   1.1762753e-04
   1.1775668e-04
   1.1852376e-04
   1.1980748e-04
   1.2147264e-04
   1.2332828e-04
   1.2516948e-04
   1.2679135e-04
   1.2798899e-04
   1.2855749e-04
   1.2829196e-04
   1.2705268e-04
   1.2496079e-04
   1.2220258e-04
   1.1896439e-04
   1.1543253e-04
   1.1179331e-04
   1.0823306e-04
   1.0490136e-04
   1.0180632e-04
   9.8941147e-05
   9.6304464e-05
   9.3894911e-05
   9.1711123e-05
   8.9751739e-05
   8.8018168e-05
   8.6522929e-05
   8.5281312e-05
   8.4308610e-05
   8.3620116e-05
   8.3231120e-05
   8.3156916e-05
   8.3402639e-05
   8.3934675e-05
   8.4716753e-05
   8.5714477e-05
   8.6893451e-05
   8.8219279e-05
   8.9657565e-05
   9.1173913e-05
   9.2733927e-05
   9.4303211e-05
   9.5847369e-05
   9.7334733e-05
   9.8745789e-05
   1.0006870e-04
   1.0129286e-04
   1.0240769e-04
   1.0340256e-04
   1.0426690e-04
   1.0499010e-04
   1.0556155e-04
   1.0597066e-04
   1.0620684e-04
   1.0625948e-04
   1.0611798e-04
   1.0577174e-04
   1.0521209e-04
   1.0443806e-04
   1.0345059e-04
   1.0225063e-04
   1.0083914e-04
   9.9217064e-05
   9.7385353e-05
   9.5344958e-05
   9.3109569e-05
   9.0743848e-05
   8.8325196e-05
   8.5931016e-05
   8.3638709e-05
   8.1525678e-05
   7.9669325e-05
   7.8140008e-05
   7.6979922e-05
   7.6224216e-05
   7.5908039e-05
   7.6066543e-05
   7.6734878e-05
   7.7928417e-05
   7.9583434e-05
   8.1616425e-05
   8.3943886e-05
   8.6482316e-05
   8.9148210e-05
   9.1860762e-05
   9.4559591e-05
   9.7225561e-05
   9.9849173e-05
   1.0242093e-04
   1.0493132e-04
   1.0737087e-04
   1.0973005e-04
   1.1199938e-04
   1.1416108e-04
   1.1616561e-04
   1.1796809e-04
   1.1955510e-04
   1.2092078e-04
   1.2205923e-04
   1.2296459e-04
   1.2363098e-04
   1.2405252e-04
   1.2422334e-04
   1.2413756e-04
   1.2378930e-04
   1.2317268e-04
   1.2228184e-04
   1.2111089e-04
   1.1965395e-04
   1.1790516e-04
   1.1585863e-04
   1.1351954e-04
   1.1094039e-04
   1.0820297e-04
   1.0541609e-04
   1.0269457e-04
   1.0015320e-04
   9.7906800e-05
   9.6070173e-05
   9.4758124e-05
   9.4083073e-05
   9.4124371e-05
   9.4864897e-05
   9.6264009e-05
   9.8281066e-05
   1.0087543e-04
   1.0400645e-04
   1.0761096e-04
   1.1153565e-04
   1.1560470e-04
   1.1964226e-04
   1.2347251e-04
   1.2691961e-04
   1.2981441e-04
   1.3204801e-04
   1.3365228e-04
   1.3469261e-04
   1.3523439e-04
   1.3534301e-04
   1.3508386e-04
   1.3452233e-04
   1.3370820e-04
   1.3262878e-04
   1.3125578e-04
   1.2956089e-04
   1.2751583e-04
   1.2509230e-04
   1.2225645e-04
   1.1898923e-04
   1.1541363e-04
   1.1168955e-04
   1.0797691e-04
   1.0443561e-04
   1.0122555e-04
   9.8506639e-05
   9.6438786e-05
   9.5149604e-05
   9.4637536e-05
   9.4868732e-05
   9.5809344e-05
   9.7425522e-05
   9.9683418e-05
   1.0254918e-04
   1.0592536e-04
   1.0946008e-04
   1.1273785e-04
   1.1534320e-04
   1.1686065e-04
   1.1692225e-04
   1.1542766e-04
   1.1263357e-04
   1.0887407e-04
   1.0448323e-04
   9.9795137e-05
   9.5143874e-05
   9.0828007e-05
   8.7005383e-05
   8.3815128e-05
   8.1443637e-05
   8.0088786e-05
   7.9948452e-05
   8.1220512e-05
   8.4102844e-05
   8.8793324e-05
   9.5455939e-05
   1.0401499e-04
   1.1394442e-04
   1.2461403e-04
   1.3539364e-04
   1.4565307e-04
   1.5476214e-04
   1.6209065e-04
   1.6708168e-04
   1.6953916e-04
   1.6961143e-04
   1.6751462e-04
   1.6346487e-04
   1.5767832e-04
   1.5037110e-04
   1.4175934e-04
   1.3210254e-04
   1.2185264e-04
   1.1160096e-04
   1.0203802e-04
   9.3874378e-05
   8.7789354e-05
   8.4188313e-05
   8.2849445e-05
   8.3401954e-05
   8.5475046e-05
   8.8697925e-05
   9.2699797e-05
   9.7117220e-05
   1.0162118e-04
   1.0591004e-04
   1.0968717e-04
   1.1265595e-04
   1.1451976e-04
   1.1498197e-04
   1.1377935e-04
   1.1088260e-04
   1.0669741e-04
   1.0172987e-04
   9.6486045e-05
   9.1472026e-05
   8.7193891e-05
   8.4157720e-05
   8.2869592e-05
   8.3690718e-05
   8.6402827e-05
   9.0642776e-05
   9.6047424e-05
   1.0225363e-04
   1.0889825e-04
   1.1559591e-04
   1.2187230e-04
   1.2723089e-04
   1.3117512e-04
   1.3320847e-04
   1.3283439e-04
   1.2976536e-04
   1.2454995e-04
   1.1794578e-04
   1.1071045e-04
   1.0360154e-04
   9.7376673e-05
   9.2793441e-05
   9.0578300e-05
   9.1199666e-05
   9.4560996e-05
   1.0043229e-04
   1.0858356e-04
   1.1878480e-04
   1.3071714e-04
   1.4370618e-04
   1.5698864e-04
   1.6980126e-04
   1.8138077e-04
   1.9096387e-04
   1.9784456e-04
   2.0166413e-04
   2.0259444e-04
   2.0092566e-04
   1.9694795e-04
   1.9095150e-04
   1.8322648e-04
   1.7406306e-04
   1.6374426e-04
   1.5255445e-04
   1.4089074e-04
   1.2918017e-04
   1.1784983e-04
   1.0732676e-04
   9.8038034e-05
   9.0410715e-05
   8.4871865e-05
   8.1773118e-05
   8.1164389e-05
   8.3020165e-05
   8.7314932e-05
   9.4023175e-05
   1.0311938e-04
   1.1438180e-04
   1.2680376e-04
   1.3918233e-04
   1.5031460e-04
   1.5899766e-04
   1.6402859e-04
   1.6448922e-04
   1.6060034e-04
   1.5286749e-04
   1.4179623e-04
   1.2789208e-04
   1.1184214e-04
   9.5113222e-05
   7.9567642e-05
   6.7121231e-05
   5.9689812e-05
   5.8659765e-05
   6.3299679e-05
   7.2348699e-05
   8.4511807e-05
   9.8378777e-05
   1.1259102e-04
   1.2581138e-04
   1.3670272e-04
   1.4392789e-04
   1.4650141e-04
   1.4484445e-04
   1.3972985e-04
   1.3193045e-04
   1.2221908e-04
   1.1136858e-04
   1.0015004e-04
   8.9321297e-05
   7.9577172e-05
   7.1420042e-05
   6.5127166e-05
   6.0836247e-05
   5.8645568e-05
   5.8649446e-05
   6.0909895e-05
   6.5304588e-05
   7.1418561e-05
   7.8633338e-05
   8.6334274e-05
   9.3972735e-05
   1.0122048e-04
   1.0780435e-04
   1.1345122e-04
   1.1788792e-04
   1.2088568e-04
   1.2245651e-04
   1.2290153e-04
   1.2255116e-04
   1.2172732e-04
   1.2075192e-04
   1.1994687e-04
   1.1956266e-04
   1.1958446e-04
   1.2000738e-04
   1.2084692e-04
   1.2211853e-04
   1.2383687e-04
   1.2595841e-04
   1.2821924e-04
   1.3030054e-04
   1.3188352e-04
   1.3264936e-04
   1.3235928e-04
   1.3109452e-04
   1.2901638e-04
   1.2628613e-04
   1.2306504e-04
   1.1950375e-04
   1.1571030e-04
   1.1178208e-04
   1.0781648e-04
   1.0391090e-04
   1.0016273e-04
   9.6669357e-05
   9.3528184e-05
   9.0836600e-05
   8.8686880e-05
   8.7130731e-05
   8.6129951e-05
   8.5608658e-05
   8.5486573e-05
   8.5683421e-05
   8.6118922e-05
   8.6712801e-05
   8.7384778e-05
   8.8054578e-05
   8.8641922e-05
   8.9066533e-05
   8.9248134e-05
   8.9132078e-05
   8.8766246e-05
   8.8224151e-05
   8.7579303e-05
   8.6905216e-05
   8.6275400e-05
   8.5763368e-05
   8.5442632e-05
   8.5386704e-05
   8.5669096e-05
   8.6363320e-05
   8.7542887e-05
   8.9266101e-05
   9.1515540e-05
   9.4199035e-05
   9.7209529e-05
   1.0043997e-04
   1.0378329e-04
   1.0713245e-04
   1.1038038e-04
   1.1342003e-04
   1.1614434e-04
   1.1846281e-04
   1.2035109e-04
   1.2180141e-04
   1.2280596e-04
   1.2335696e-04
   1.2344662e-04
   1.2306716e-04
   1.2221077e-04
   1.2086968e-04
   1.1905673e-04
   1.1686737e-04
   1.1441768e-04
   1.1182374e-04
   1.0920164e-04
   1.0666746e-04
   1.0433729e-04
   1.0232720e-04
   1.0075329e-04
   9.9708176e-05
   9.9190600e-05
   9.9175851e-05
   9.9639213e-05
   1.0055597e-04
   1.0190141e-04
   1.0365082e-04
   1.0577464e-04
   1.0821708e-04
   1.1088978e-04
   1.1369748e-04
   1.1654490e-04
   1.1933676e-04
   1.2197778e-04
   1.2437270e-04
   1.2642623e-04
   1.2804730e-04
   1.2917695e-04
   1.2982205e-04
   1.3000483e-04
   1.2974754e-04
   1.2907242e-04
   1.2800174e-04
   1.2656315e-04
   1.2481253e-04
   1.2284424e-04
   1.2078707e-04
   1.1877375e-04
   1.1692508e-04
   1.1534176e-04
   1.1405592e-04
