   3.0221304e-02
   3.2383822e-02
   3.4424654e-02
   3.6341331e-02
   3.8131389e-02
   3.9792361e-02
   4.1321779e-02
   4.2717179e-02
   4.3976092e-02
   4.5096054e-02
   4.6074597e-02
   4.6909255e-02
   4.7597562e-02
   4.8137051e-02
   4.8525255e-02
   4.8759709e-02
   4.8837945e-02
   4.8757498e-02
   4.8515901e-02
   4.8110687e-02
   4.7539391e-02
   4.6799545e-02
   4.5888683e-02
   4.4804339e-02
   4.3544046e-02
   4.2105338e-02
   4.0487493e-02
   3.8696762e-02
   3.6741143e-02
   3.4628631e-02
   3.2367223e-02
   2.9964916e-02
   2.7429707e-02
   2.4769590e-02
   2.1992564e-02
   1.9106624e-02
   1.6119767e-02
   1.3039989e-02
   9.8752865e-03
   6.6336565e-03
   3.3230950e-03
   4.8401501e-05
   3.4728365e-03
   6.9422136e-03
   1.0448536e-02
   1.3983808e-02
   1.7540033e-02
   2.1109214e-02
   2.4683355e-02
   2.8254460e-02
   3.1814531e-02
   3.5355573e-02
   3.8869590e-02
   4.2348836e-02
   4.5787254e-02
   4.9181765e-02
   5.2530006e-02
   5.5829624e-02
   5.9078264e-02
   6.2273573e-02
   6.5413197e-02
   6.8494784e-02
   7.1515979e-02
   7.4474430e-02
   7.7367781e-02
   8.0193680e-02
   8.2949774e-02
   8.5633708e-02
   8.8243129e-02
   9.0775684e-02
   9.3229019e-02
   9.5600780e-02
   9.7888615e-02
   1.0009017e-01
   1.0220309e-01
   1.0422502e-01
   1.0615361e-01
   1.0798650e-01
   1.0972135e-01
   1.1135580e-01
   1.1288749e-01
   1.1431407e-01
   1.1563318e-01
   1.1684248e-01
   1.1793962e-01
   1.1892222e-01
   1.1978795e-01
   1.2053446e-01
   1.2115937e-01
   1.2166035e-01
   1.2203504e-01
   1.2228108e-01
   1.2239613e-01
   1.2237782e-01
   1.2222381e-01
   1.2193174e-01
   1.2149925e-01
   1.2092400e-01
   1.2020363e-01
   1.1933579e-01
   1.1831812e-01
   1.1714827e-01
   1.1582389e-01
   1.1434262e-01
   1.1270211e-01
   1.1090000e-01
   1.0893394e-01
   1.0680181e-01
   1.0450256e-01
   1.0203651e-01
   9.9405291e-02
   9.6611686e-02
   9.3659501e-02
   9.0553590e-02
   8.7299389e-02
   8.3902435e-02
   8.0368261e-02
   7.6702404e-02
   7.2910399e-02
   6.8997780e-02
   6.4970083e-02
   6.0832843e-02
   5.6591596e-02
   5.2251876e-02
   4.7819219e-02
   4.3299160e-02
   3.8697234e-02
   3.4018977e-02
   2.9269923e-02
   2.4455607e-02
   1.9581566e-02
   1.4653333e-02
   9.6764453e-03
   4.6564367e-03
   4.0115719e-04
   5.4908012e-03
   1.0606960e-02
   1.5744099e-02
   2.0896682e-02
   2.6059174e-02
   3.1226041e-02
   3.6391747e-02
   4.1550756e-02
   4.6697534e-02
   5.1826545e-02
   5.6932254e-02
   6.2009127e-02
   6.7051627e-02
   7.2054220e-02
   7.7011370e-02
   8.1917542e-02
   8.6767201e-02
   9.1554813e-02
   9.6274840e-02
   1.0092175e-01
   1.0549000e-01
   1.0997407e-01
   1.1436841e-01
   1.1866750e-01
   1.2286578e-01
   1.2695774e-01
   1.3093784e-01
   1.3480053e-01
   1.3854029e-01
   1.4215158e-01
   1.4562886e-01
   1.4896660e-01
   1.5215926e-01
   1.5520132e-01
   1.5808722e-01
   1.6081145e-01
   1.6336846e-01
   1.6575271e-01
   1.6795868e-01
   1.6998083e-01
   1.7181362e-01
   1.7345151e-01
   1.7488898e-01
   1.7612048e-01
   1.7714049e-01
   1.7794346e-01
   1.7852387e-01
   1.7887616e-01
   1.7899482e-01
   1.7887621e-01
   1.7852425e-01
   1.7794481e-01
   1.7714371e-01
   1.7612680e-01
   1.7489992e-01
   1.7346891e-01
   1.7183961e-01
   1.7001786e-01
   1.6800950e-01
   1.6582037e-01
   1.6345632e-01
   1.6092318e-01
   1.5822679e-01
   1.5537300e-01
   1.5236764e-01
   1.4921656e-01
   1.4592560e-01
   1.4250060e-01
   1.3894739e-01
   1.3527182e-01
   1.3147973e-01
   1.2757696e-01
   1.2356935e-01
   1.1946274e-01
   1.1526298e-01
   1.1097589e-01
   1.0660733e-01
   1.0216314e-01
   9.7649146e-02
   9.3071200e-02
   8.8435140e-02
   8.3746807e-02
   7.9012040e-02
   7.4236682e-02
   6.9426572e-02
   6.4587552e-02
   5.9725461e-02
   5.4846141e-02
   4.9955432e-02
   4.5059175e-02
   4.0163211e-02
   3.5273379e-02
   3.0395522e-02
   2.5535479e-02
   2.0699091e-02
   1.5892198e-02
   1.1120643e-02
   6.3902642e-03
   1.7069033e-03
   2.9235991e-03
   7.4954024e-03
   1.2002666e-02
   1.6439549e-02
   2.0800211e-02
   2.5078812e-02
   2.9269510e-02
   3.3366465e-02
   3.7363836e-02
   4.1255783e-02
   4.5036465e-02
   4.8700042e-02
   5.2240672e-02
   5.5652515e-02
   5.8929918e-02
   6.2068106e-02
   6.5063155e-02
   6.7912124e-02
   7.0613462e-02
   7.3167154e-02
   7.5574296e-02
   7.7836196e-02
   7.9954158e-02
   8.1929489e-02
   8.3763494e-02
   8.5457481e-02
   8.7012754e-02
   8.8430620e-02
   8.9712386e-02
   9.0859356e-02
   9.1872837e-02
   9.2754135e-02
   9.3504556e-02
   9.4125406e-02
   9.4617991e-02
   9.4983618e-02
   9.5223591e-02
   9.5339218e-02
   9.5331803e-02
   9.5202654e-02
   9.4953077e-02
   9.4584376e-02
   9.4097859e-02
   9.3494831e-02
   9.2776598e-02
   9.1944467e-02
   9.0999743e-02
   8.9943733e-02
   8.8777742e-02
   8.7503076e-02
   8.6121042e-02
   8.4632946e-02
   8.3040093e-02
   8.1343789e-02
   7.9545342e-02
   7.7646056e-02
   7.5647237e-02
   7.3550192e-02
   7.1356227e-02
   6.9066648e-02
   6.6682760e-02
   6.4205870e-02
   6.1637284e-02
   5.8978308e-02
   5.6230248e-02
   5.3394409e-02
   5.0472149e-02
   4.7465290e-02
   4.4376886e-02
   4.1210938e-02
   3.7972572e-02
   3.4667968e-02
   3.1304658e-02
   2.7890472e-02
   2.4433244e-02
   2.0940807e-02
   1.7420992e-02
   1.3881633e-02
   1.0330563e-02
   6.7756138e-03
   3.2246183e-03
   3.1459092e-04
   3.8341810e-03
   7.3263195e-03
   1.0783173e-02
   1.4196910e-02
   1.7559698e-02
   2.0863703e-02
   2.4101092e-02
   2.7264035e-02
   3.0344696e-02
   3.3335245e-02
   3.6227848e-02
   3.9014673e-02
   4.1687886e-02
   4.4239656e-02
   4.6662150e-02
   4.8947534e-02
   5.1087977e-02
   5.3075646e-02
   5.4902707e-02
   5.6561329e-02
   5.8043678e-02
   5.9343549e-02
   6.0461417e-02
   6.1400335e-02
   6.2164685e-02
   6.2760406e-02
   6.3195139e-02
   6.3477275e-02
   6.3615890e-02
   6.3620212e-02
   6.3499474e-02
   6.3262905e-02
   6.2919736e-02
   6.2479198e-02
   6.1950521e-02
   6.1342935e-02
   6.0665671e-02
   5.9927960e-02
   5.9139032e-02
   5.8308118e-02
   5.7444448e-02
   5.6557253e-02
   5.5655763e-02
   5.4749209e-02
   5.3846821e-02
   5.2957701e-02
   5.2089926e-02
   5.1249063e-02
   5.0438332e-02
   4.9657634e-02
   4.8902923e-02
   4.8168778e-02
   4.7449518e-02
   4.6738699e-02
   4.6028527e-02
   4.5310891e-02
   4.4578293e-02
   4.3826114e-02
   4.3052681e-02
   4.2259246e-02
   4.1448353e-02
   4.0622719e-02
   3.9785066e-02
   3.8938112e-02
   3.8084443e-02
   3.7225859e-02
   3.6363023e-02
   3.5496268e-02
   3.4625609e-02
   3.3750976e-02
   3.2872304e-02
   3.1989524e-02
   3.1102569e-02
   3.0211522e-02
   2.9317056e-02
   2.8419965e-02
   2.7521030e-02
   2.6621036e-02
   2.5720765e-02
   2.4820999e-02
   2.3922400e-02
   2.3025202e-02
   2.2129809e-02
   2.1236694e-02
   2.0346334e-02
   1.9459203e-02
   1.8575776e-02
   1.7696424e-02
   1.6821092e-02
   1.5949777e-02
   1.5083163e-02
   1.4221923e-02
   1.3366679e-02
   1.2518059e-02
   1.1676693e-02
   1.0843202e-02
   1.0018340e-02
   9.2023848e-03
   8.3954835e-03
   7.5977996e-03
   6.8095724e-03
   6.0310600e-03
   5.2624379e-03
   4.5035998e-03
   3.7545532e-03
   3.0155104e-03
   2.2872634e-03
   1.5705835e-03
   8.6620296e-04
   1.7487458e-04
   5.0256866e-04
   1.1649936e-03
   1.8113476e-03
   2.4412092e-03
   3.0543483e-03
   3.6505433e-03
   4.2295731e-03
   4.7912161e-03
   5.3352156e-03
   5.8611627e-03
   6.3687008e-03
   6.8579816e-03
   7.3292883e-03
   7.7829178e-03
   8.2190682e-03
   8.6374266e-03
   9.0375621e-03
   9.4189502e-03
   9.7805876e-03
   1.0121731e-02
   1.0442130e-02
   1.0741645e-02
   1.1020131e-02
   1.1277352e-02
   1.1513146e-02
   1.1727708e-02
   1.1921188e-02
   1.2093549e-02
   1.2244740e-02
   1.2374716e-02
   1.2483431e-02
   1.2570846e-02
   1.2636950e-02
   1.2681654e-02
   1.2704602e-02
   1.2705618e-02
   1.2684671e-02
   1.2641849e-02
   1.2577399e-02
   1.2491742e-02
   1.2385494e-02
   1.2259416e-02
   1.2114296e-02
   1.1950925e-02
   1.1770091e-02
   1.1572591e-02
   1.1359242e-02
   1.1130821e-02
   1.0887971e-02
   1.0631306e-02
   1.0361440e-02
   1.0079007e-02
   9.7847214e-03
   9.4793203e-03
   9.1635386e-03
   8.8381119e-03
   8.5037757e-03
   8.1612920e-03
   7.8115272e-03
   7.4553866e-03
   7.0937985e-03
   6.7276028e-03
   6.3576139e-03
   5.9846708e-03
   5.6097088e-03
   5.2336968e-03
   4.8576398e-03
   4.4825520e-03
   4.1094576e-03
   3.7393932e-03
   3.3732914e-03
   3.0120565e-03
   2.6565929e-03
   2.3078047e-03
   1.9665964e-03
   1.6338881e-03
   1.3106635e-03
   9.9797801e-04
   6.9711123e-04
   4.0940792e-04
   1.3598920e-04
   1.2280794e-04
   3.6587512e-04
   5.9173638e-04
   7.9914529e-04
   9.8792140e-04
   1.1582122e-03
   1.3100561e-03
   1.4433081e-03
   1.5575520e-03
   1.6525593e-03
   1.7287503e-03
   1.7869705e-03
   1.8287725e-03
   1.8559506e-03
   1.8703694e-03
   1.8740726e-03
   1.8693801e-03
   1.8577914e-03
   1.8407129e-03
   1.8195891e-03
   1.7958646e-03
   1.7709695e-03
   1.7462436e-03
   1.7226981e-03
   1.7004978e-03
   1.6792034e-03
   1.6580398e-03
   1.6363742e-03
   1.6134290e-03
   1.5883737e-03
   1.5603697e-03
   1.5286736e-03
   1.4927168e-03
   1.4522969e-03
   1.4073627e-03
   1.3579492e-03
   1.3044172e-03
   1.2474007e-03
   1.1875795e-03
   1.1254831e-03
   1.0616011e-03
   9.9642310e-04
   9.3043854e-04
   8.6413701e-04
   7.9800806e-04
   7.3254123e-04
   6.6817254e-04
   6.0509477e-04
   5.4331083e-04
   4.8271344e-04
   4.2320203e-04
   3.6484728e-04
   3.0797356e-04
   2.5296145e-04
   2.0019152e-04
   1.5004433e-04
   1.0290046e-04
   5.9140477e-05
   1.9156985e-05
   1.6630677e-05
   4.7856328e-05
   7.4150969e-05
   9.5394975e-05
   1.1168287e-04
   1.2316913e-04
   1.3007624e-04
   1.3279152e-04
   1.3197587e-04
   1.2843804e-04
   1.2327962e-04
   1.1749620e-04
   1.1203560e-04
   1.0784561e-04
   1.0587406e-04
   1.0698791e-04
   1.1152002e-04
   1.1890010e-04
   1.2843095e-04
   1.3943638e-04
   1.5124020e-04
   1.6316620e-04
   1.7456911e-04
   1.8494363e-04
   1.9389834e-04
   2.0114688e-04
   2.0649931e-04
   2.0983573e-04
   2.1104970e-04
   2.1003477e-04
   2.0673058e-04
   2.0131506e-04
   1.9422459e-04
   1.8593316e-04
   1.7689528e-04
   1.6754095e-04
   1.5826609e-04
   1.4941449e-04
   1.4128509e-04
   1.3408250e-04
   1.2782861e-04
   1.2250253e-04
   1.1808336e-04
   1.1455018e-04
   1.1188210e-04
   1.1003995e-04
   1.0890151e-04
   1.0827905e-04
   1.0796284e-04
   1.0780304e-04
   1.0766657e-04
   1.0742035e-04
   1.0693127e-04
   1.0610853e-04
   1.0504422e-04
   1.0392794e-04
   1.0296309e-04
   1.0235307e-04
   1.0230128e-04
   1.0301113e-04
   1.0465598e-04
   1.0723610e-04
   1.1051011e-04
   1.1418368e-04
   1.1796250e-04
   1.2155225e-04
   1.2465862e-04
   1.2705672e-04
   1.2880015e-04
   1.3001512e-04
   1.3082863e-04
   1.3136771e-04
   1.3175936e-04
   1.3217268e-04
   1.3290277e-04
   1.3409070e-04
   1.3572922e-04
   1.3778460e-04
   1.4022313e-04
   1.4301106e-04
   1.4604876e-04
   1.4895747e-04
   1.5123165e-04
   1.5238341e-04
   1.5204469e-04
   1.4987713e-04
   1.4568804e-04
   1.3991407e-04
   1.3333707e-04
   1.2683298e-04
   1.2128111e-04
   1.1755855e-04
   1.1632401e-04
   1.1735549e-04
   1.2018396e-04
   1.2433320e-04
   1.2932699e-04
   1.3468912e-04
   1.3994337e-04
   1.4464881e-04
   1.4853509e-04
   1.5148514e-04
   1.5341139e-04
   1.5422626e-04
   1.5384218e-04
   1.5217157e-04
   1.4912686e-04
   1.4462047e-04
   1.3860757e-04
   1.3131148e-04
   1.2338697e-04
   1.1558597e-04
   1.0866043e-04
   1.0336229e-04
   1.0044349e-04
   1.0065598e-04
   1.0471792e-04
   1.1285838e-04
   1.2385619e-04
   1.3613610e-04
   1.4812284e-04
   1.5824114e-04
   1.6491575e-04
   1.6698792e-04
   1.6496499e-04
   1.5977081e-04
   1.5232924e-04
   1.4356412e-04
   1.3430619e-04
   1.2488922e-04
   1.1505639e-04
   1.0442649e-04
   9.2770786e-05
   8.0470300e-05
   6.8058514e-05
   5.6068908e-05
   4.5535324e-05
   3.9437916e-05
   4.1036606e-05
   5.2206061e-05
   6.9500513e-05
   8.8449048e-05
   1.0600625e-04
   1.2025424e-04
   1.2948080e-04
   1.3197371e-04
   1.2681952e-04
   1.1629995e-04
   1.0349548e-04
   9.1486582e-05
   8.3111383e-05
   7.9786061e-05
   8.0874589e-05
   8.5288481e-05
   9.1939249e-05
   9.9738406e-05
   1.0770259e-04
   1.1540326e-04
   1.2298673e-04
   1.3042909e-04
   1.3749972e-04
   1.4393320e-04
   1.4946709e-04
   1.5385098e-04
   1.5681553e-04
   1.5813750e-04
   1.5810702e-04
   1.5714801e-04
   1.5568442e-04
   1.5414019e-04
   1.5298966e-04
   1.5271550e-04
   1.5307704e-04
   1.5364023e-04
   1.5397100e-04
   1.5363528e-04
   1.5219901e-04
   1.4922154e-04
   1.4439122e-04
   1.3802153e-04
   1.3062370e-04
   1.2271957e-04
   1.1483102e-04
   1.0745703e-04
   1.0100110e-04
   9.5772392e-05
   9.1853365e-05
   8.9270821e-05
   8.8051556e-05
   8.8222369e-05
   8.9810056e-05
   9.2775717e-05
   9.6821451e-05
   1.0159886e-04
   1.0676332e-04
   1.1197025e-04
   1.1687502e-04
   1.2113303e-04
   1.2439968e-04
   1.2636468e-04
   1.2692143e-04
   1.2626307e-04
   1.2464912e-04
   1.2233908e-04
   1.1959246e-04
   1.1666878e-04
   1.1382755e-04
   1.1132827e-04
   1.0940044e-04
   1.0812852e-04
   1.0746685e-04
   1.0734480e-04
   1.0769169e-04
   1.0843688e-04
   1.0950970e-04
   1.1083951e-04
   1.1235564e-04
   1.1398743e-04
   1.1566425e-04
   1.1731541e-04
   1.1887028e-04
   1.2025819e-04
   1.2140849e-04
   1.2224349e-04
   1.2271025e-04
   1.2296026e-04
   1.2319791e-04
   1.2362757e-04
   1.2445362e-04
   1.2588043e-04
   1.2811237e-04
   1.3135382e-04
   1.3580915e-04
   1.4166664e-04
   1.4894117e-04
   1.5719569e-04
   1.6588422e-04
   1.7446075e-04
   1.8237930e-04
   1.8909386e-04
   1.9405845e-04
   1.9679996e-04
   1.9713681e-04
   1.9496035e-04
   1.9016190e-04
   1.8263278e-04
   1.7245205e-04
   1.6048778e-04
   1.4794815e-04
   1.3607944e-04
   1.2608213e-04
   1.1874174e-04
   1.1387111e-04
   1.1105134e-04
   1.0986353e-04
   1.0988880e-04
   1.1070825e-04
   1.1192197e-04
   1.1320602e-04
   1.1425548e-04
   1.1476540e-04
   1.1441942e-04
   1.1298977e-04
   1.1077409e-04
   1.0820421e-04
   1.0571198e-04
   1.0372923e-04
   1.0258447e-04
   1.0219289e-04
   1.0236634e-04
   1.0291670e-04
   1.0365581e-04
   1.0447984e-04
   1.0562219e-04
   1.0740057e-04
   1.1013268e-04
   1.1413622e-04
   1.1973618e-04
   1.2711256e-04
   1.3575620e-04
   1.4498384e-04
   1.5411222e-04
   1.6245810e-04
   1.6933820e-04
   1.7406928e-04
   1.7603210e-04
   1.7495864e-04
   1.7102516e-04
   1.6450298e-04
   1.5566343e-04
   1.4477784e-04
   1.3236025e-04
   1.1992348e-04
   1.0926846e-04
   1.0174616e-04
   9.7692971e-05
   9.6843798e-05
   9.8836359e-05
   1.0328191e-04
   1.0965232e-04
   1.1727735e-04
   1.2552746e-04
   1.3379169e-04
   1.4145905e-04
   1.4791858e-04
   1.5268570e-04
   1.5579365e-04
   1.5745083e-04
   1.5787781e-04
   1.5729520e-04
   1.5592359e-04
   1.5398358e-04
   1.5169575e-04
   1.4928070e-04
   1.4695902e-04
   1.4492261e-04
   1.4320302e-04
   1.4163627e-04
   1.4007527e-04
   1.3838858e-04
   1.3644474e-04
   1.3411228e-04
   1.3125975e-04
   1.2775569e-04
   1.2346864e-04
   1.1833801e-04
   1.1257965e-04
   1.0645253e-04
   1.0020865e-04
   9.4100009e-05
   8.8378623e-05
   8.3296494e-05
   7.9105629e-05
   7.6058035e-05
   7.4345133e-05
   7.3916012e-05
   7.4659178e-05
   7.6463135e-05
   7.9216388e-05
   8.2807443e-05
   8.7124805e-05
   9.2056978e-05
   9.7468414e-05
   1.0312735e-04
   1.0877797e-04
   1.1416446e-04
   1.1903100e-04
   1.2312177e-04
   1.2618096e-04
   1.2795276e-04
   1.2827061e-04
   1.2732511e-04
   1.2539611e-04
   1.2276347e-04
   1.1970705e-04
   1.1650669e-04
   1.1344227e-04
   1.1079364e-04
   1.0884066e-04
   1.0779743e-04
   1.0761508e-04
   1.0817898e-04
   1.0937451e-04
   1.1108704e-04
   1.1320194e-04
   1.1560459e-04
   1.1818037e-04
   1.2081464e-04
   1.2339908e-04
   1.2585154e-04
   1.2810010e-04
   1.3007384e-04
   1.3170184e-04
   1.3291317e-04
   1.3363691e-04
   1.3380212e-04
   1.3333789e-04
   1.3217330e-04
   1.3023740e-04
   1.2745929e-04
   1.2381735e-04
   1.1952350e-04
   1.1498416e-04
   1.1064200e-04
   1.0693970e-04
   1.0431994e-04
   1.0322540e-04
   1.0409877e-04
   1.0732081e-04
   1.1286587e-04
   1.2001142e-04
   1.2787618e-04
   1.3557888e-04
   1.4223826e-04
   1.4710750e-04
   1.4997763e-04
   1.5077415e-04
   1.4942253e-04
   1.4584828e-04
   1.4008837e-04
   1.3268303e-04
   1.2451309e-04
   1.1651668e-04
   1.0961605e-04
   1.0447963e-04
   1.0099827e-04
   9.8872404e-05
   9.7802470e-05
   9.7488900e-05
   9.7696036e-05
   9.8443844e-05
   9.9816200e-05
   1.0189698e-04
   1.0477005e-04
   1.0851930e-04
   1.1322860e-04
   1.1887360e-04
   1.2499450e-04
   1.3101290e-04
   1.3634779e-04
   1.4041820e-04
   1.4274199e-04
   1.4323250e-04
   1.4190195e-04
   1.3876255e-04
   1.3382652e-04
   1.2712896e-04
   1.1895544e-04
   1.1024977e-04
   1.0211461e-04
   9.5652623e-05
   9.1966457e-05
   9.1872972e-05
   9.5045831e-05
