   2.4339868e-01
   2.4626017e-01
   2.4900062e-01
   2.5161833e-01
   2.5411160e-01
   2.5647872e-01
   2.5871801e-01
   2.6082776e-01
   2.6280627e-01
   2.6465185e-01
   2.6636278e-01
   2.6793738e-01
   2.6937394e-01
   2.7067076e-01
   2.7182614e-01
   2.7283839e-01
   2.7370581e-01
   2.7442669e-01
   2.7499933e-01
   2.7542204e-01
   2.7569312e-01
   2.7581086e-01
   2.7577357e-01
   2.7557955e-01
   2.7522709e-01
   2.7471451e-01
   2.7404009e-01
   2.7320286e-01
   2.7220470e-01
   2.7104822e-01
   2.6973603e-01
   2.6827073e-01
   2.6665493e-01
   2.6489124e-01
   2.6298225e-01
   2.6093058e-01
   2.5873884e-01
   2.5640962e-01
   2.5394553e-01
   2.5134919e-01
   2.4862319e-01
   2.4577014e-01
   2.4279264e-01
   2.3969332e-01
   2.3647476e-01
   2.3313957e-01
   2.2969037e-01
   2.2612975e-01
   2.2246033e-01
   2.1868470e-01
   2.1480548e-01
   2.1082527e-01
   2.0674667e-01
   2.0257230e-01
   1.9830475e-01
   1.9394664e-01
   1.8950057e-01
   1.8496915e-01
   1.8035497e-01
   1.7566066e-01
   1.7088880e-01
   1.6604202e-01
   1.6112291e-01
   1.5613404e-01
   1.5107785e-01
   1.4595679e-01
   1.4077361e-01
   1.3553114e-01
   1.3023220e-01
   1.2487961e-01
   1.1947619e-01
   1.1402476e-01
   1.0852815e-01
   1.0298918e-01
   9.7410674e-02
   9.1795449e-02
   8.6146330e-02
   8.0466140e-02
   7.4757700e-02
   6.9023833e-02
   6.3267361e-02
   5.7491106e-02
   5.1697891e-02
   4.5890537e-02
   4.0071868e-02
   3.4244705e-02
   2.8411870e-02
   2.2576186e-02
   1.6740476e-02
   1.0907561e-02
   5.0802629e-03
   7.3859491e-04
   6.5461906e-03
   1.2339702e-02
   1.8116306e-02
   2.3873182e-02
   2.9607507e-02
   3.5316458e-02
   4.0997213e-02
   4.6646951e-02
   5.2262848e-02
   5.7842083e-02
   6.3381833e-02
   6.8879276e-02
   7.4331590e-02
   7.9735952e-02
   8.5089541e-02
   9.0389533e-02
   9.5633108e-02
   1.0081744e-01
   1.0593971e-01
   1.1099710e-01
   1.1598678e-01
   1.2090593e-01
   1.2575172e-01
   1.3052135e-01
   1.3521197e-01
   1.3982078e-01
   1.4434495e-01
   1.4878165e-01
   1.5312807e-01
   1.5738173e-01
   1.6154157e-01
   1.6560688e-01
   1.6957694e-01
   1.7345104e-01
   1.7722846e-01
   1.8090879e-01
   1.8449268e-01
   1.8798059e-01
   1.9137284e-01
   1.9466976e-01
   1.9787168e-01
   2.0097892e-01
   2.0399181e-01
   2.0691068e-01
   2.0973586e-01
   2.1246767e-01
   2.1510644e-01
   2.1765249e-01
   2.2010617e-01
   2.2246778e-01
   2.2473767e-01
   2.2691615e-01
   2.2900356e-01
   2.3100022e-01
   2.3290646e-01
   2.3472261e-01
   2.3644899e-01
   2.3808593e-01
   2.3963377e-01
   2.4109281e-01
   2.4246340e-01
   2.4374587e-01
   2.4494053e-01
   2.4604771e-01
   2.4706775e-01
   2.4800097e-01
   2.4884770e-01
   2.4960826e-01
   2.5028299e-01
   2.5087220e-01
   2.5137623e-01
   2.5179541e-01
   2.5213006e-01
   2.5238050e-01
   2.5254708e-01
   2.5263010e-01
   2.5262991e-01
   2.5254683e-01
   2.5238118e-01
   2.5213330e-01
   2.5180350e-01
   2.5139213e-01
   2.5089950e-01
   2.5032594e-01
   2.4967178e-01
   2.4893735e-01
   2.4812297e-01
   2.4722898e-01
   2.4625569e-01
   2.4520345e-01
   2.4407256e-01
   2.4286337e-01
   2.4157620e-01
   2.4021137e-01
   2.3876922e-01
   2.3725006e-01
   2.3565424e-01
   2.3398207e-01
   2.3223388e-01
   2.3041000e-01
   2.2851077e-01
   2.2653649e-01
   2.2448751e-01
   2.2236415e-01
   2.2016673e-01
   2.1789559e-01
   2.1555105e-01
   2.1313344e-01
   2.1064309e-01
   2.0808032e-01
   2.0544554e-01
   2.0273951e-01
   1.9996303e-01
   1.9711687e-01
   1.9420176e-01
   1.9121837e-01
   1.8816756e-01
   1.8505102e-01
   1.8187060e-01
   1.7862820e-01
   1.7532568e-01
   1.7196493e-01
   1.6854782e-01
   1.6507623e-01
   1.6155204e-01
   1.5797712e-01
   1.5435335e-01
   1.5068260e-01
   1.4696676e-01
   1.4320771e-01
   1.3940730e-01
   1.3556744e-01
   1.3168999e-01
   1.2777682e-01
   1.2382982e-01
   1.1985086e-01
   1.1584183e-01
   1.1180459e-01
   1.0774102e-01
   1.0365301e-01
   9.9542421e-02
   9.5411138e-02
   9.1261037e-02
   8.7093995e-02
   8.2911889e-02
   7.8716596e-02
   7.4509992e-02
   7.0293954e-02
   6.6070361e-02
   6.1841088e-02
   5.7608013e-02
   5.3373012e-02
   4.9137963e-02
   4.4904742e-02
   4.0675227e-02
   3.6451295e-02
   3.2234822e-02
   2.8027685e-02
   2.3831762e-02
   1.9648930e-02
   1.5481065e-02
   1.1330044e-02
   7.1977452e-03
   3.0860445e-03
   1.0031808e-03
   5.0680537e-03
   9.1066973e-03
   1.3117234e-02
   1.7097788e-02
   2.1046482e-02
   2.4961438e-02
   2.8840780e-02
   3.2682631e-02
   3.6485113e-02
   4.0246350e-02
   4.3964465e-02
   4.7637581e-02
   5.1263820e-02
   5.4841307e-02
   5.8368163e-02
   6.1842512e-02
   6.5262477e-02
   6.8626181e-02
   7.1931746e-02
   7.5177297e-02
   7.8360955e-02
   8.1480845e-02
   8.4535088e-02
   8.7521809e-02
   9.0439129e-02
   9.3285172e-02
   9.6058062e-02
   9.8755920e-02
   1.0137687e-01
   1.0391904e-01
   1.0638054e-01
   1.0875950e-01
   1.1105405e-01
   1.1326231e-01
   1.1538240e-01
   1.1741244e-01
   1.1935055e-01
   1.2119487e-01
   1.2294350e-01
   1.2459458e-01
   1.2614624e-01
   1.2759658e-01
   1.2894373e-01
   1.3018583e-01
   1.3132098e-01
   1.3234732e-01
   1.3326311e-01
   1.3406730e-01
   1.3475962e-01
   1.3534088e-01
   1.3581231e-01
   1.3617577e-01
   1.3643325e-01
   1.3658674e-01
   1.3663827e-01
   1.3658981e-01
   1.3644338e-01
   1.3620097e-01
   1.3586459e-01
   1.3543624e-01
   1.3491791e-01
   1.3431161e-01
   1.3361934e-01
   1.3284310e-01
   1.3198489e-01
   1.3104671e-01
   1.3003056e-01
   1.2893844e-01
   1.2777236e-01
   1.2653431e-01
   1.2522629e-01
   1.2385031e-01
   1.2240836e-01
   1.2090245e-01
   1.1933458e-01
   1.1770675e-01
   1.1602096e-01
   1.1427920e-01
   1.1248349e-01
   1.1063581e-01
   1.0873818e-01
   1.0679259e-01
   1.0480105e-01
   1.0276554e-01
   1.0068809e-01
   9.8570676e-02
   9.6415310e-02
   9.4223991e-02
   9.1998720e-02
   8.9741498e-02
   8.7454324e-02
   8.5139201e-02
   8.2798128e-02
   8.0433106e-02
   7.8046136e-02
   7.5639219e-02
   7.3214356e-02
   7.0773547e-02
   6.8318793e-02
   6.5852095e-02
   6.3375453e-02
   6.0890869e-02
   5.8400342e-02
   5.5905874e-02
   5.3409466e-02
   5.0913118e-02
   4.8418830e-02
   4.5928604e-02
   4.3444441e-02
   4.0968341e-02
   3.8502305e-02
   3.6048333e-02
   3.3608426e-02
   3.1184586e-02
   2.8778812e-02
   2.6393106e-02
   2.4029469e-02
   2.1689900e-02
   1.9376401e-02
   1.7090972e-02
   1.4835615e-02
   1.2612329e-02
   1.0423117e-02
   8.2699772e-03
   6.1549121e-03
   4.0799218e-03
   2.0470072e-03
   5.8168873e-05
   1.8845923e-03
   3.7792757e-03
   5.6238804e-03
   7.4164059e-03
   9.1548979e-03
   1.0837642e-02
   1.2463245e-02
   1.4030750e-02
   1.5539915e-02
   1.6990899e-02
   1.8383982e-02
   1.9719654e-02
   2.0998356e-02
   2.2220504e-02
   2.3386516e-02
   2.4496808e-02
   2.5551795e-02
   2.6551894e-02
   2.7497520e-02
   2.8389091e-02
   2.9227022e-02
   3.0011730e-02
   3.0743631e-02
   3.1423140e-02
   3.2050675e-02
   3.2626651e-02
   3.3151484e-02
   3.3625591e-02
   3.4049388e-02
   3.4423292e-02
   3.4747718e-02
   3.5023082e-02
   3.5249801e-02
   3.5428291e-02
   3.5558968e-02
   3.5642248e-02
   3.5678548e-02
   3.5668284e-02
   3.5611871e-02
   3.5509727e-02
   3.5362267e-02
   3.5169908e-02
   3.4933065e-02
   3.4652155e-02
   3.4327595e-02
   3.3959800e-02
   3.3549186e-02
   3.3096170e-02
   3.2601168e-02
   3.2064596e-02
   3.1486870e-02
   3.0868407e-02
   3.0209623e-02
   2.9510933e-02
   2.8772755e-02
   2.7995504e-02
   2.7179597e-02
   2.6325449e-02
   2.5433477e-02
   2.4504097e-02
   2.3537753e-02
   2.2535066e-02
   2.1497001e-02
   2.0424847e-02
   1.9320181e-02
   1.8184760e-02
   1.7020509e-02
   1.5829660e-02
   1.4615440e-02
   1.3381719e-02
   1.2132471e-02
   1.0871670e-02
   9.6032903e-03
   8.3313063e-03
   7.0596924e-03
   5.7924229e-03
   4.5334719e-03
   3.2868139e-03
   2.0564230e-03
   8.4627373e-04
   3.3965974e-04
   1.4974031e-03
   2.6229820e-03
   3.7124222e-03
   4.7617494e-03
   5.7669893e-03
   6.7241675e-03
   7.6293098e-03
   8.4784418e-03
   9.2675894e-03
   9.9927781e-03
   1.0650034e-02
   1.1235382e-02
   1.1744848e-02
   1.2174459e-02
   1.2520239e-02
   1.2778214e-02
   1.2944410e-02
   1.3014854e-02
   1.2985569e-02
   1.2852686e-02
   1.2613890e-02
   1.2274107e-02
   1.1849612e-02
   1.1359232e-02
   1.0820866e-02
   1.0248713e-02
   9.6546901e-03
   9.0445110e-03
   8.4194284e-03
   7.7799177e-03
   7.1264546e-03
   6.4606001e-03
   5.7882576e-03
   5.1162442e-03
   4.4506910e-03
   3.7975577e-03
   3.1628039e-03
   2.5521639e-03
   1.9704701e-03
   1.4219791e-03
   9.0950097e-04
   4.3532590e-04
   1.7016629e-06
   3.8912395e-04
   7.3490316e-04
   1.0333882e-03
   1.2823312e-03
   1.4795283e-03
   1.6229505e-03
   1.7103644e-03
   1.7385205e-03
   1.7044857e-03
   1.6084940e-03
   1.4545436e-03
   1.2516878e-03
   1.0142797e-03
   7.5778724e-04
   4.9782778e-04
   2.5045302e-04
   3.1041985e-05
   1.4616279e-04
   2.6996853e-04
   3.3742729e-04
   3.5527200e-04
   3.3864099e-04
   3.0448626e-04
   2.6946759e-04
   2.4739641e-04
   2.4188263e-04
   2.4870264e-04
   2.6222018e-04
   2.7680091e-04
   2.8681046e-04
   2.8661449e-04
   2.7176190e-04
   2.4311911e-04
   2.0510126e-04
   1.6281897e-04
   1.2141060e-04
   8.6014537e-05
   6.0919886e-05
   4.6721565e-05
   4.1977206e-05
   4.4949866e-05
   5.3903251e-05
   6.7101065e-05
   8.2807014e-05
   9.9284804e-05
   1.1502580e-04
   1.2966123e-04
   1.4372445e-04
   1.5700832e-04
   1.6906324e-04
   1.7943963e-04
   1.8768787e-04
   1.9335840e-04
   1.9600160e-04
   1.9516790e-04
   1.9039721e-04
   1.8140896e-04
   1.6879755e-04
   1.5337879e-04
   1.3596847e-04
   1.1738240e-04
   9.8436364e-05
   7.9946170e-05
   6.2727613e-05
   4.7596490e-05
   3.5362054e-05
   2.6741259e-05
   2.2042822e-05
   2.0960260e-05
   2.3049818e-05
   2.7867739e-05
   3.4970267e-05
   4.3913647e-05
   5.4254121e-05
   6.5547936e-05
   7.7351333e-05
   8.9164485e-05
   1.0027686e-04
   1.1002175e-04
   1.1800995e-04
   1.2422510e-04
   1.2873269e-04
   1.3159819e-04
   1.3288708e-04
   1.3266483e-04
   1.3102040e-04
   1.2816740e-04
   1.2444167e-04
   1.2011180e-04
   1.1542184e-04
   1.1061582e-04
   1.0593780e-04
   1.0163182e-04
   9.7941933e-05
   9.5069285e-05
   9.3044115e-05
   9.1856443e-05
   9.1496959e-05
   9.1956352e-05
   9.3225311e-05
   9.5294528e-05
   9.8154691e-05
   1.0180618e-04
   1.0626244e-04
   1.1143221e-04
   1.1715283e-04
   1.2325018e-04
   1.2955015e-04
   1.3587863e-04
   1.4206152e-04
   1.4792470e-04
   1.5332110e-04
   1.5819713e-04
   1.6246780e-04
   1.6603350e-04
   1.6879462e-04
   1.7065158e-04
   1.7150476e-04
   1.7125455e-04
   1.6980136e-04
   1.6704558e-04
   1.6295165e-04
   1.5776380e-04
   1.5188494e-04
   1.4574160e-04
   1.3976034e-04
   1.3436769e-04
   1.2999021e-04
   1.2705445e-04
   1.2593110e-04
   1.2668547e-04
   1.2899908e-04
   1.3247143e-04
   1.3670204e-04
   1.4129041e-04
   1.4583605e-04
   1.4993849e-04
   1.5320153e-04
   1.5528360e-04
   1.5599689e-04
   1.5519094e-04
   1.5271532e-04
   1.4841958e-04
   1.4215328e-04
   1.3390455e-04
   1.2421588e-04
   1.1381171e-04
   1.0356342e-04
   9.4279388e-05
   8.6726921e-05
   8.1495532e-05
   7.8680126e-05
   7.8255568e-05
   8.0196725e-05
   8.4478463e-05
   9.1062747e-05
   9.9767420e-05
   1.1005505e-04
   1.2140642e-04
   1.3332999e-04
   1.4533422e-04
   1.5692758e-04
   1.6761853e-04
   1.7691553e-04
   1.8440246e-04
   1.8998154e-04
   1.9369712e-04
   1.9561027e-04
   1.9578202e-04
   1.9427341e-04
   1.9114548e-04
   1.8647453e-04
   1.8043094e-04
   1.7333309e-04
   1.6553252e-04
   1.5738080e-04
   1.4922947e-04
   1.4143009e-04
   1.3433420e-04
   1.2827869e-04
   1.2348670e-04
   1.1994705e-04
   1.1759360e-04
   1.1636023e-04
   1.1618082e-04
   1.1698922e-04
   1.1871932e-04
   1.2130500e-04
   1.2464188e-04
   1.2847268e-04
   1.3250187e-04
   1.3643391e-04
   1.3997329e-04
   1.4282448e-04
   1.4469194e-04
   1.4528016e-04
   1.4429359e-04
   1.4154472e-04
   1.3727805e-04
   1.3184605e-04
   1.2560122e-04
   1.1889607e-04
   1.1208307e-04
   1.0551472e-04
   9.9543527e-05
   9.4459845e-05
   9.0305394e-05
   8.7059145e-05
   8.4699912e-05
   8.3206508e-05
   8.2557748e-05
   8.2732447e-05
   8.3715956e-05
   8.5496278e-05
   8.7973931e-05
   9.1025927e-05
   9.4529277e-05
   9.8360995e-05
   1.0239809e-04
   1.0652158e-04
   1.1063747e-04
   1.1468338e-04
   1.1857175e-04
   1.2220648e-04
   1.2549148e-04
   1.2833066e-04
   1.3062790e-04
   1.3228712e-04
   1.3320964e-04
   1.3330257e-04
   1.3253491e-04
   1.3089178e-04
   1.2835827e-04
   1.2491950e-04
   1.2056059e-04
   1.1540710e-04
   1.1014011e-04
   1.0553408e-04
   1.0227082e-04
   1.0101055e-04
   1.0225880e-04
   1.0586069e-04
   1.1130734e-04
   1.1791566e-04
   1.2496941e-04
   1.3177794e-04
   1.3778579e-04
   1.4262117e-04
   1.4605087e-04
   1.4786390e-04
   1.4784813e-04
   1.4579144e-04
   1.4148171e-04
   1.3480547e-04
   1.2617696e-04
   1.1664126e-04
   1.0737653e-04
   9.9560919e-05
   9.4372576e-05
   9.2681413e-05
   9.4124388e-05
   9.8030221e-05
   1.0372763e-04
   1.1054534e-04
   1.1781206e-04
   1.2488006e-04
   1.3124683e-04
   1.3663786e-04
   1.4082973e-04
   1.4359902e-04
   1.4472233e-04
   1.4398289e-04
   1.4134550e-04
   1.3740137e-04
   1.3289664e-04
   1.2857743e-04
   1.2518988e-04
   1.2348014e-04
   1.2398590e-04
   1.2641117e-04
   1.3025150e-04
   1.3500246e-04
   1.4015960e-04
   1.4521850e-04
   1.4967100e-04
   1.5309132e-04
   1.5543882e-04
   1.5677009e-04
   1.5714169e-04
   1.5661022e-04
   1.5523226e-04
   1.5306438e-04
   1.5016316e-04
   1.4662794e-04
   1.4272899e-04
   1.3877937e-04
   1.3509211e-04
   1.3198024e-04
   1.2975681e-04
   1.2873485e-04
   1.2922740e-04
   1.3142520e-04
   1.3502984e-04
   1.3962060e-04
   1.4477675e-04
   1.5007759e-04
   1.5510239e-04
   1.5943044e-04
   1.6264103e-04
   1.6431343e-04
   1.6415309e-04
   1.6237009e-04
   1.5930067e-04
   1.5528107e-04
   1.5064753e-04
   1.4573630e-04
   1.4088360e-04
   1.3642569e-04
   1.3269881e-04
   1.3002751e-04
   1.2863564e-04
   1.2851911e-04
   1.2961977e-04
   1.3187950e-04
   1.3524015e-04
   1.3964357e-04
   1.4503164e-04
   1.5132178e-04
   1.5827044e-04
   1.6536585e-04
   1.7206958e-04
   1.7785233e-04
   1.8218484e-04
   1.8453783e-04
   1.8438201e-04
   1.8135768e-04
   1.7582288e-04
   1.6847636e-04
   1.6010995e-04
   1.5152885e-04
   1.4352894e-04
   1.3679247e-04
   1.3163155e-04
   1.2806069e-04
   1.2603909e-04
   1.2552593e-04
   1.2648040e-04
   1.2886170e-04
   1.3262900e-04
   1.3767827e-04
   1.4362858e-04
   1.4994008e-04
   1.5604898e-04
   1.6139146e-04
   1.6540376e-04
   1.6752206e-04
   1.6718259e-04
   1.6384771e-04
   1.5729417e-04
   1.4816367e-04
   1.3730757e-04
   1.2557724e-04
   1.1382406e-04
   1.0289941e-04
   9.3654648e-05
   8.6885777e-05
   8.3040272e-05
   8.2002319e-05
   8.3529130e-05
   8.7377916e-05
   9.3305888e-05
   1.0107026e-04
   1.1042823e-04
   1.2113703e-04
   1.3295361e-04
   1.4557214e-04
   1.5841173e-04
   1.7071205e-04
   1.8165227e-04
   1.9040325e-04
   1.9616836e-04
   1.9849217e-04
   1.9779633e-04
   1.9471363e-04
   1.8987685e-04
   1.8391879e-04
   1.7747224e-04
   1.7116802e-04
   1.6555781e-04
   1.6090645e-04
   1.5740754e-04
   1.5525469e-04
   1.5464151e-04
   1.5576159e-04
   1.5874656e-04
   1.6343802e-04
   1.6944713e-04
   1.7634298e-04
   1.8369463e-04
   1.9107117e-04
   1.9804166e-04
   2.0417518e-04
   2.0904081e-04
   2.1220761e-04
   2.1333564e-04
   2.1247516e-04
   2.0987280e-04
   2.0580155e-04
   2.0053439e-04
   1.9434429e-04
   1.8750423e-04
   1.8028720e-04
   1.7296618e-04
   1.6581415e-04
   1.5906199e-04
   1.5278312e-04
   1.4705259e-04
   1.4195636e-04
   1.3758041e-04
   1.3401069e-04
   1.3133318e-04
   1.2962249e-04
   1.2887280e-04
   1.2892678e-04
   1.2959206e-04
   1.3067624e-04
   1.3198697e-04
   1.3333186e-04
   1.3451855e-04
   1.3535709e-04
   1.3572176e-04
   1.3570698e-04
   1.3546156e-04
   1.3513435e-04
   1.3487416e-04
   1.3482983e-04
   1.3515018e-04
   1.3595066e-04
   1.3721316e-04
   1.3888619e-04
   1.4091827e-04
   1.4325789e-04
   1.4585357e-04
   1.4865382e-04
   1.5160715e-04
   1.5466206e-04
   1.5776706e-04
   1.6087067e-04
   1.6392139e-04
   1.6686773e-04
   1.6965820e-04
   1.7223591e-04
   1.7452740e-04
   1.7647407e-04
   1.7802239e-04
   1.7911881e-04
   1.7970980e-04
   1.7974180e-04
   1.7916130e-04
   1.7791473e-04
   1.7597606e-04
   1.7342919e-04
   1.7038550e-04
   1.6695638e-04
   1.6325324e-04
   1.5938744e-04
   1.5547040e-04
   1.5161349e-04
   1.4792810e-04
   1.4452564e-04
   1.4151748e-04
   1.3899034e-04
   1.3693223e-04
   1.3530647e-04
   1.3407639e-04
   1.3320532e-04
   1.3265659e-04
   1.3239353e-04
   1.3237946e-04
   1.3257771e-04
   1.3295162e-04
   1.3346450e-04
   1.3407969e-04
   1.3476052e-04
   1.3547031e-04
   1.3617239e-04
   1.3683009e-04
   1.3740674e-04
   1.3786566e-04
   1.3817019e-04
   1.3828946e-04
