   2.0398605e-01
   2.0323777e-01
   2.0245189e-01
   2.0162893e-01
   2.0076942e-01
   1.9987390e-01
   1.9894287e-01
   1.9797688e-01
   1.9697644e-01
   1.9594208e-01
   1.9487433e-01
   1.9377372e-01
   1.9264077e-01
   1.9147600e-01
   1.9027994e-01
   1.8905313e-01
   1.8779607e-01
   1.8650931e-01
   1.8519336e-01
   1.8384876e-01
   1.8247603e-01
   1.8107569e-01
   1.7964827e-01
   1.7819429e-01
   1.7671429e-01
   1.7520879e-01
   1.7367832e-01
   1.7212339e-01
   1.7054454e-01
   1.6894230e-01
   1.6731718e-01
   1.6566972e-01
   1.6400044e-01
   1.6230987e-01
   1.6059853e-01
   1.5886695e-01
   1.5711566e-01
   1.5534518e-01
   1.5355603e-01
   1.5174875e-01
   1.4992386e-01
   1.4808189e-01
   1.4622335e-01
   1.4434879e-01
   1.4245872e-01
   1.4055364e-01
   1.3863396e-01
   1.3670008e-01
   1.3475250e-01
   1.3279192e-01
   1.3081911e-01
   1.2883485e-01
   1.2683991e-01
   1.2483507e-01
   1.2282108e-01
   1.2079872e-01
   1.1876878e-01
   1.1673200e-01
   1.1468918e-01
   1.1264107e-01
   1.1058846e-01
   1.0853210e-01
   1.0647279e-01
   1.0441127e-01
   1.0234834e-01
   1.0028475e-01
   9.8221281e-02
   9.6158705e-02
   9.4097792e-02
   9.2039314e-02
   8.9984042e-02
   8.7932748e-02
   8.5886203e-02
   8.3845179e-02
   8.1810447e-02
   7.9782779e-02
   7.7762946e-02
   7.5751720e-02
   7.3749873e-02
   7.1758176e-02
   6.9777400e-02
   6.7808317e-02
   6.5851699e-02
   6.3908317e-02
   6.1978943e-02
   6.0064347e-02
   5.8165303e-02
   5.6282580e-02
   5.4416952e-02
   5.2569084e-02
   5.0739223e-02
   4.8927513e-02
   4.7134143e-02
   4.5359489e-02
   4.3603975e-02
   4.1868024e-02
   4.0152059e-02
   3.8456505e-02
   3.6781783e-02
   3.5128318e-02
   3.3496534e-02
   3.1886852e-02
   3.0299698e-02
   2.8735494e-02
   2.7194664e-02
   2.5677631e-02
   2.4184818e-02
   2.2716649e-02
   2.1273548e-02
   1.9855937e-02
   1.8464240e-02
   1.7098881e-02
   1.5760283e-02
   1.4448869e-02
   1.3165062e-02
   1.1909287e-02
   1.0681967e-02
   9.4835237e-03
   8.3143822e-03
   7.1749654e-03
   6.0656966e-03
   4.9869994e-03
   3.9392971e-03
   2.9230130e-03
   1.9385707e-03
   9.8639345e-04
   6.6904703e-05
   8.1947215e-04
   1.6723137e-03
   2.4911965e-03
   3.2756973e-03
   4.0253926e-03
   4.7398589e-03
   5.4186730e-03
   6.0614113e-03
   6.6676506e-03
   7.2369673e-03
   7.7689382e-03
   8.2631398e-03
   8.7191486e-03
   9.1365414e-03
   9.5148947e-03
   9.8537850e-03
   1.0152789e-02
   1.0411483e-02
   1.0629445e-02
   1.0806249e-02
   1.0941474e-02
   1.1034696e-02
   1.1085491e-02
   1.1093436e-02
   1.1058167e-02
   1.0979810e-02
   1.0859527e-02
   1.0698726e-02
   1.0498815e-02
   1.0261202e-02
   9.9872943e-03
   9.6785004e-03
   9.3362281e-03
   8.9618852e-03
   8.5568796e-03
   8.1226192e-03
   7.6605120e-03
   7.1719657e-03
   6.6583882e-03
   6.1211876e-03
   5.5617716e-03
   4.9815482e-03
   4.3819252e-03
   3.7643106e-03
   3.1301122e-03
   2.4807379e-03
   1.8175956e-03
   1.1420933e-03
   4.5563875e-04
   2.4036009e-04
   9.4449534e-04
   1.6553591e-03
   2.3715435e-03
   3.0916406e-03
   3.8142426e-03
   4.5379415e-03
   5.2613295e-03
   5.9829986e-03
   6.7015410e-03
   7.4155488e-03
   8.1236140e-03
   8.8243289e-03
   9.5162855e-03
   1.0198076e-02
   1.0868292e-02
   1.1525526e-02
   1.2168371e-02
   1.2795417e-02
   1.3405259e-02
   1.3996486e-02
   1.4567692e-02
   1.5117469e-02
   1.5644408e-02
   1.6147100e-02
   1.6624203e-02
   1.7074851e-02
   1.7498945e-02
   1.7896559e-02
   1.8267767e-02
   1.8612644e-02
   1.8931264e-02
   1.9223702e-02
   1.9490031e-02
   1.9730325e-02
   1.9944660e-02
   2.0133108e-02
   2.0295745e-02
   2.0432644e-02
   2.0543881e-02
   2.0629528e-02
   2.0689661e-02
   2.0724353e-02
   2.0733678e-02
   2.0717712e-02
   2.0676528e-02
   2.0610201e-02
   2.0518804e-02
   2.0402412e-02
   2.0261099e-02
   2.0094939e-02
   1.9904007e-02
   1.9688377e-02
   1.9448122e-02
   1.9183318e-02
   1.8894039e-02
   1.8580358e-02
   1.8242350e-02
   1.7880089e-02
   1.7493650e-02
   1.7083106e-02
   1.6648533e-02
   1.6190003e-02
   1.5707592e-02
   1.5201373e-02
   1.4671421e-02
   1.4117810e-02
   1.3540614e-02
   1.2939907e-02
   1.2315765e-02
   1.1668461e-02
   1.0999172e-02
   1.0309732e-02
   9.6024101e-03
   8.8800142e-03
   8.1454743e-03
   7.4017204e-03
   6.6516824e-03
   5.8982904e-03
   5.1444743e-03
   4.3931641e-03
   3.6472898e-03
   2.9097815e-03
   2.1835691e-03
   1.4715825e-03
   7.7675183e-04
   1.0200702e-04
   5.4972193e-04
   1.1755050e-03
   1.7724123e-03
   2.3375137e-03
   2.8678793e-03
   3.3605791e-03
   3.8129224e-03
   4.2231755e-03
   4.5900121e-03
   4.9128670e-03
   5.1917041e-03
   5.4266989e-03
   5.6185522e-03
   5.7683117e-03
   5.8773949e-03
   5.9476661e-03
   5.9813759e-03
   5.9808525e-03
   5.9484240e-03
   5.8864185e-03
   5.7971644e-03
   5.6829896e-03
   5.5462223e-03
   5.3891908e-03
   5.2142863e-03
   5.0241529e-03
   4.8214979e-03
   4.6090285e-03
   4.3894521e-03
   4.1654759e-03
   3.9395121e-03
   3.7127929e-03
   3.4862085e-03
   3.2604600e-03
   3.0362014e-03
   2.8140869e-03
   2.5947703e-03
   2.3789059e-03
   2.1672761e-03
   1.9609977e-03
   1.7605977e-03
   1.5664232e-03
   1.3788214e-03
   1.1981396e-03
   1.0247281e-03
   8.5905651e-04
   7.0202437e-04
   5.5463787e-04
   4.1785512e-04
   2.9244193e-04
   1.7904237e-04
   7.7941514e-05
   1.0946962e-05
   8.7963768e-05
   1.5359041e-04
   2.0833326e-04
   2.5269867e-04
   2.8719303e-04
   3.1217864e-04
   3.2767466e-04
   3.3448808e-04
   3.3365892e-04
   3.2622715e-04
   3.1323278e-04
   2.9580672e-04
   2.7541815e-04
   2.5352562e-04
   2.3156224e-04
   2.1096117e-04
   1.9315553e-04
   1.7931465e-04
   1.6949929e-04
   1.6329312e-04
   1.6022646e-04
   1.5982967e-04
   1.6163308e-04
   1.6516704e-04
   1.6996189e-04
   1.7557022e-04
   1.8165296e-04
   1.8798802e-04
   1.9444168e-04
   2.0091195e-04
   2.0736339e-04
   2.1381723e-04
   2.2032761e-04
   2.2690912e-04
   2.3342580e-04
   2.3970465e-04
   2.4557266e-04
   2.5085680e-04
   2.5538407e-04
   2.5898145e-04
   2.6147594e-04
   2.6269452e-04
   2.6246418e-04
   2.6065566e-04
   2.5733463e-04
   2.5268981e-04
   2.4692980e-04
   2.4026318e-04
   2.3289852e-04
   2.2504440e-04
   2.1690940e-04
   2.0870210e-04
   2.0063109e-04
   1.9290315e-04
   1.8571201e-04
   1.7922014e-04
   1.7356055e-04
   1.6886041e-04
   1.6524686e-04
   1.6284705e-04
   1.6178814e-04
   1.6219727e-04
   1.6420159e-04
   1.6788027e-04
   1.7306895e-04
   1.7934905e-04
   1.8625041e-04
   1.9330288e-04
   2.0003632e-04
   2.0598056e-04
   2.1066545e-04
   2.1366378e-04
   2.1478115e-04
   2.1411054e-04
   2.1180602e-04
   2.0802167e-04
   2.0291158e-04
   1.9662982e-04
   1.8933046e-04
   1.8126287e-04
   1.7307746e-04
   1.6560007e-04
   1.5967655e-04
   1.5597123e-04
   1.5442226e-04
   1.5478626e-04
   1.5681986e-04
   1.6027967e-04
   1.6489171e-04
   1.7025598e-04
   1.7592697e-04
   1.8145542e-04
   1.8639213e-04
   1.9028783e-04
   1.9276449e-04
   1.9376476e-04
   1.9344672e-04
   1.9200450e-04
   1.8963222e-04
   1.8652401e-04
   1.8287401e-04
   1.7887634e-04
   1.7472512e-04
   1.7061449e-04
   1.6673857e-04
   1.6329149e-04
   1.6046738e-04
   1.5846036e-04
   1.5746458e-04
   1.5761217e-04
   1.5878740e-04
   1.6081255e-04
   1.6350991e-04
   1.6670177e-04
   1.7021041e-04
   1.7385811e-04
   1.7746239e-04
   1.8082168e-04
   1.8372962e-04
   1.8597986e-04
   1.8736606e-04
   1.8768186e-04
   1.8677806e-04
   1.8473399e-04
   1.8168615e-04
   1.7777101e-04
   1.7312505e-04
   1.6791736e-04
   1.6241444e-04
   1.5678366e-04
   1.5115946e-04
   1.4567627e-04
   1.4047856e-04
   1.3574019e-04
   1.3160173e-04
   1.2819288e-04
   1.2564336e-04
   1.2405546e-04
   1.2340970e-04
   1.2361076e-04
   1.2455121e-04
   1.2612365e-04
   1.2822066e-04
   1.3073482e-04
   1.3355815e-04
   1.3658040e-04
   1.3969076e-04
   1.4277842e-04
   1.4573257e-04
   1.4844239e-04
   1.5079706e-04
   1.5271339e-04
   1.5421860e-04
   1.5536751e-04
   1.5621496e-04
   1.5681578e-04
   1.5722480e-04
   1.5749685e-04
   1.5768676e-04
   1.5784936e-04
   1.5802515e-04
   1.5819730e-04
   1.5833464e-04
   1.5840601e-04
   1.5838024e-04
   1.5822618e-04
   1.5791265e-04
   1.5740850e-04
   1.5668255e-04
   1.5570365e-04
   1.5444063e-04
   1.5286232e-04
   1.5095459e-04
   1.4877144e-04
   1.4638388e-04
   1.4386294e-04
   1.4127963e-04
   1.3870497e-04
   1.3621000e-04
   1.3386572e-04
   1.3174316e-04
   1.2991334e-04
   1.2844729e-04
   1.2739824e-04
   1.2674837e-04
   1.2646206e-04
   1.2650371e-04
   1.2683771e-04
   1.2742845e-04
   1.2824032e-04
   1.2923771e-04
   1.3038502e-04
   1.3164663e-04
   1.3297814e-04
   1.3429900e-04
   1.3551609e-04
   1.3653536e-04
   1.3726278e-04
   1.3760429e-04
   1.3746583e-04
   1.3679400e-04
   1.3569787e-04
   1.3432719e-04
   1.3283167e-04
   1.3136102e-04
   1.3006499e-04
   1.2909328e-04
   1.2859563e-04
   1.2866974e-04
   1.2920534e-04
   1.3004011e-04
   1.3101176e-04
   1.3195800e-04
   1.3271651e-04
   1.3313157e-04
   1.3307366e-04
   1.3241981e-04
   1.3104706e-04
   1.2883246e-04
   1.2566443e-04
   1.2155508e-04
   1.1684051e-04
   1.1193499e-04
   1.0725275e-04
   1.0320805e-04
   1.0019109e-04
   9.8431055e-05
   9.7873942e-05
   9.8400962e-05
   9.9893328e-05
   1.0223225e-04
   1.0529895e-04
   1.0893524e-04
   1.1282545e-04
   1.1661450e-04
   1.1994732e-04
   1.2248643e-04
   1.2403708e-04
   1.2471155e-04
   1.2469445e-04
   1.2417044e-04
   1.2332413e-04
   1.2234016e-04
   1.2137931e-04
   1.2050692e-04
   1.1976451e-04
   1.1919356e-04
   1.1883557e-04
   1.1873205e-04
   1.1892449e-04
   1.1945440e-04
   1.2034227e-04
   1.2152466e-04
   1.2291715e-04
   1.2443530e-04
   1.2599468e-04
   1.2751086e-04
   1.2889939e-04
   1.3007586e-04
   1.3095582e-04
   1.3145484e-04
   1.3148850e-04
   1.3099978e-04
   1.3004143e-04
   1.2869360e-04
   1.2703646e-04
   1.2515017e-04
   1.2311490e-04
   1.2101080e-04
   1.1891803e-04
   1.1691677e-04
   1.1508718e-04
   1.1349604e-04
   1.1215602e-04
   1.1106396e-04
   1.1021604e-04
   1.0960848e-04
   1.0923746e-04
   1.0909919e-04
   1.0918988e-04
   1.0950572e-04
   1.1004291e-04
   1.1079765e-04
   1.1176198e-04
   1.1291120e-04
   1.1421647e-04
   1.1564893e-04
   1.1717973e-04
   1.1878001e-04
   1.2042093e-04
   1.2207362e-04
   1.2370923e-04
   1.2529792e-04
   1.2681039e-04
   1.2823444e-04
   1.2956240e-04
   1.3078659e-04
   1.3189933e-04
   1.3289294e-04
   1.3375974e-04
   1.3449206e-04
   1.3508170e-04
   1.3551833e-04
   1.3579111e-04
   1.3588919e-04
   1.3580174e-04
   1.3551791e-04
   1.3502685e-04
   1.3431772e-04
   1.3337968e-04
   1.3220721e-04
   1.3081440e-04
   1.2922133e-04
   1.2747725e-04
   1.2563919e-04
   1.2376414e-04
   1.2190911e-04
   1.2013217e-04
   1.1849558e-04
   1.1705883e-04
   1.1586599e-04
   1.1495732e-04
   1.1437305e-04
   1.1415340e-04
   1.1433863e-04
   1.1495178e-04
   1.1594712e-04
   1.1726173e-04
   1.1883271e-04
   1.2059054e-04
   1.2246099e-04
   1.2444981e-04
   1.2655274e-04
   1.2865763e-04
   1.3069448e-04
   1.3257219e-04
   1.3404134e-04
   1.3481294e-04
   1.3459801e-04
   1.3317584e-04
   1.3059114e-04
   1.2692617e-04
   1.2225549e-04
   1.1665368e-04
   1.1030934e-04
   1.0386657e-04
   9.8080839e-05
   9.3706943e-05
   9.1357917e-05
   9.1082987e-05
   9.2802756e-05
   9.6441115e-05
   1.0192195e-04
   1.0910354e-04
   1.1752408e-04
   1.2642602e-04
   1.3499429e-04
   1.4241381e-04
   1.4786950e-04
   1.5061095e-04
   1.5029500e-04
   1.4723743e-04
   1.4190262e-04
   1.3475494e-04
   1.2625876e-04
   1.1687844e-04
   1.0707836e-04
   9.7345255e-05
   8.8255921e-05
   8.0417646e-05
   7.4462771e-05
   7.1029778e-05
   7.0757146e-05
   7.4020615e-05
   8.0144954e-05
   8.8192189e-05
   9.7220599e-05
   1.0632151e-04
   1.1481402e-04
   1.2222265e-04
   1.2811129e-04
   1.3204382e-04
   1.3372769e-04
   1.3349441e-04
   1.3201805e-04
   1.3002240e-04
   1.2823131e-04
   1.2736856e-04
   1.2798277e-04
   1.2992162e-04
   1.3285760e-04
   1.3646317e-04
   1.4041083e-04
   1.4439119e-04
   1.4813754e-04
   1.5128123e-04
   1.5342362e-04
   1.5416607e-04
   1.5310991e-04
   1.5001763e-04
   1.4529611e-04
   1.3951339e-04
   1.3323628e-04
   1.2695224e-04
   1.2084955e-04
   1.1504197e-04
   1.0964326e-04
   1.0476719e-04
   1.0052753e-04
   9.7038050e-05
   9.4412508e-05
   9.2731895e-05
   9.1940693e-05
   9.1924674e-05
   9.2546724e-05
   9.3665349e-05
   9.5139058e-05
   9.6826359e-05
   9.8585761e-05
   1.0027577e-04
   1.0175490e-04
   1.0288165e-04
   1.0351454e-04
   1.0351207e-04
   1.0273275e-04
   1.0103508e-04
   9.8277584e-05
   9.4386848e-05
   8.9594444e-05
   8.4330550e-05
   7.9057972e-05
   7.4239515e-05
   7.0337987e-05
   6.7816194e-05
   6.7136942e-05
   6.8693097e-05
   7.2506828e-05
   7.8166624e-05
   8.5170043e-05
   9.3014640e-05
   1.0119797e-04
   1.0920043e-04
   1.1642720e-04
   1.2224023e-04
   1.2599491e-04
   1.2704665e-04
   1.2500637e-04
   1.2050705e-04
   1.1443720e-04
   1.0768530e-04
   1.0114292e-04
   9.5554552e-05
   9.1030574e-05
   8.7522084e-05
   8.4980174e-05
   8.3355937e-05
   8.2600468e-05
   8.2618118e-05
   8.3126267e-05
   8.3795556e-05
   8.4296625e-05
   8.4300112e-05
   8.3476658e-05
   8.1652696e-05
   7.9277831e-05
   7.6957463e-05
   7.5296993e-05
   7.4901820e-05
   7.6377343e-05
   8.0165986e-05
   8.6021031e-05
   9.3383871e-05
   1.0165867e-04
   1.1024959e-04
   1.1856079e-04
   1.2602717e-04
   1.3220656e-04
   1.3668749e-04
   1.3905853e-04
   1.3890822e-04
   1.3593416e-04
   1.3036173e-04
   1.2289185e-04
   1.1431707e-04
   1.0542992e-04
   9.7003314e-05
   8.9642167e-05
   8.3574199e-05
   7.8937742e-05
   7.5871127e-05
   7.4512686e-05
   7.4925768e-05
   7.6873795e-05
   8.0045204e-05
   8.4128436e-05
   8.8811929e-05
   9.3784122e-05
   9.8761701e-05
   1.0357309e-04
   1.0806999e-04
   1.1210286e-04
   1.1552217e-04
   1.1817837e-04
   1.1995489e-04
   1.2086701e-04
   1.2096296e-04
   1.2029098e-04
   1.1889932e-04
   1.1683622e-04
   1.1414991e-04
   1.1088863e-04
   1.0710970e-04
   1.0290649e-04
   9.8392328e-05
   9.3727454e-05
   8.9083908e-05
   8.4633728e-05
   8.0548952e-05
   7.7001619e-05
   7.4163767e-05
   7.2207434e-05
   7.1263532e-05
   7.1282119e-05
   7.2106717e-05
   7.3564496e-05
   7.5482624e-05
   7.7688272e-05
   8.0008609e-05
   8.2270804e-05
   8.4345220e-05
   8.6266162e-05
   8.8075775e-05
   8.9807370e-05
   9.1494255e-05
   9.3169740e-05
   9.4877328e-05
   9.6697725e-05
   9.8707533e-05
   1.0097979e-04
   1.0358751e-04
   1.0654564e-04
   1.0961270e-04
   1.1239353e-04
   1.1446905e-04
   1.1550773e-04
   1.1552835e-04
   1.1463723e-04
   1.1294069e-04
   1.1054507e-04
   1.0755669e-04
   1.0408056e-04
   1.0022713e-04
   9.6153899e-05
   9.2050563e-05
   8.8112162e-05
   8.4533743e-05
   8.1510351e-05
   7.9237032e-05
   7.7908831e-05
   7.7689832e-05
   7.8569001e-05
   8.0299273e-05
   8.2582318e-05
   8.5119804e-05
   8.7613400e-05
   8.9764775e-05
   9.1275598e-05
   9.1847538e-05
   9.1277776e-05
   8.9745541e-05
   8.7525574e-05
   8.4892616e-05
   8.2121409e-05
   7.9486694e-05
   7.7263213e-05
   7.5707110e-05
   7.5000146e-05
   7.5305488e-05
   7.6786299e-05
   7.9605745e-05
   8.3926992e-05
   8.9805877e-05
   9.6868936e-05
   1.0460327e-04
   1.1236758e-04
   1.1948843e-04
   1.2533200e-04
   1.2947577e-04
   1.3176670e-04
   1.3217664e-04
   1.3069541e-04
   1.2731284e-04
   1.2212607e-04
   1.1566142e-04
   1.0855250e-04
   1.0143295e-04
   9.4936377e-05
   8.9696412e-05
   8.6223303e-05
   8.4533819e-05
   8.4521358e-05
   8.6079317e-05
   8.9101095e-05
   9.3423347e-05
   9.8655760e-05
   1.0435128e-04
   1.1006285e-04
   1.1534341e-04
   1.1978652e-04
   1.2318912e-04
   1.2555267e-04
   1.2691961e-04
   1.2733240e-04
   1.2683346e-04
   1.2546525e-04
   1.2327020e-04
   1.2031245e-04
   1.1673875e-04
   1.1269847e-04
   1.0832675e-04
   1.0375625e-04
   9.9119571e-05
   9.4549362e-05
   9.0178249e-05
   8.6138863e-05
   8.2563836e-05
   7.9585798e-05
   7.7302050e-05
   7.5668573e-05
   7.4606017e-05
   7.4035032e-05
   7.3876269e-05
   7.4050378e-05
   7.4478009e-05
   7.5079813e-05
   7.5793727e-05
   7.6626839e-05
   7.7603523e-05
   7.8748155e-05
   8.0085108e-05
   8.1638757e-05
   8.3433477e-05
   8.5493643e-05
   8.7813500e-05
   9.0266771e-05
   9.2697051e-05
   9.4947935e-05
   9.6863017e-05
   9.8285892e-05
   9.9061560e-05
   9.9048452e-05
   9.8137650e-05
   9.6228041e-05
   9.3218514e-05
   8.9007960e-05
   8.3581327e-05
   7.7267797e-05
   7.0499309e-05
   6.3755827e-05
   5.7435444e-05
   5.1821295e-05
   4.7164460e-05
   4.3713882e-05
   4.1718507e-05
   4.1427279e-05
   4.3038936e-05
   4.6517800e-05
   5.1643611e-05
   5.8162515e-05
   6.5820659e-05
   7.4364191e-05
   8.3539257e-05
   9.3095074e-05
   1.0279626e-04
   1.1242298e-04
   1.2175852e-04
   1.3058617e-04
   1.3870729e-04
   1.4599560e-04
   1.5235660e-04
   1.5775065e-04
   1.6216697e-04
   1.6565365e-04
   1.6826723e-04
