   4.7565487e-02
   2.8417571e-02
   2.0052440e-03
   3.5379817e-02
   8.3834538e-02
   1.3135910e-01
   1.7598970e-01
   2.1799355e-01
   2.5531140e-01
   2.9095246e-01
   3.2496243e-01
   3.5466888e-01
   3.8001776e-01
   4.0202384e-01
   4.2018253e-01
   4.3630512e-01
   4.5044576e-01
   4.5820177e-01
   4.5957947e-01
   4.5290857e-01
   4.3790298e-01
   4.2174821e-01
   4.0576165e-01
   3.8866764e-01
   3.7164264e-01
   3.5485294e-01
   3.3819264e-01
   3.2411142e-01
   3.1279309e-01
   2.9995431e-01
   2.8514117e-01
   2.6892285e-01
   2.5078231e-01
   2.3159122e-01
   2.1168608e-01
   1.8977795e-01
   1.6606367e-01
   1.4285551e-01
   1.2044417e-01
   9.9521171e-02
   8.0538762e-02
   6.1727055e-02
   4.3142739e-02
   2.4831803e-02
   6.7361405e-03
   9.1728146e-03
   2.2347001e-02
   3.3966081e-02
   4.3726527e-02
   4.9936172e-02
   5.2749474e-02
   5.0598740e-02
   4.3419798e-02
   3.5945561e-02
   2.8934806e-02
   2.2170355e-02
   1.6443366e-02
   1.0721223e-02
   4.9593520e-03
   2.9151272e-04
   3.2592038e-03
   6.4950115e-03
   9.3162851e-03
   1.2197280e-02
   1.5212798e-02
   1.6963872e-02
   1.7412305e-02
   1.6195636e-02
   1.3205317e-02
   1.0284730e-02
   7.7536388e-03
   5.3234633e-03
   3.2823534e-03
   1.5149959e-03
   1.5614194e-05
   7.7599762e-04
   7.4697748e-04
   7.2282027e-04
   7.6645563e-04
   9.2337959e-04
   1.3010908e-03
   1.4812630e-03
   1.4322426e-03
   1.2436902e-03
   8.8510843e-04
   5.2458577e-04
   2.0835082e-04
   1.3772158e-04
   4.8585628e-04
   7.6354770e-04
   9.7015274e-04
   1.0356325e-03
   9.4889934e-04
   8.7224055e-04
   8.2406884e-04
   7.9410119e-04
   8.0418937e-04
   8.0200085e-04
   7.8129362e-04
   7.7081704e-04
   7.6706044e-04
   7.5914387e-04
   7.4898457e-04
   7.2858157e-04
   6.9673520e-04
   6.7154693e-04
   6.5431258e-04
   6.4631119e-04
   6.4955460e-04
   6.5090253e-04
   6.4843206e-04
   6.4502686e-04
   6.3904614e-04
   6.3192965e-04
   6.2421710e-04
   6.1298701e-04
   5.9833293e-04
   5.8444341e-04
   5.7174130e-04
   5.6040527e-04
   5.5105617e-04
   5.4193993e-04
   5.3289503e-04
   5.2473039e-04
   5.1731372e-04
   5.1048735e-04
   5.0434210e-04
   4.9844054e-04
   4.9274844e-04
   4.8806398e-04
   4.8437723e-04
   4.8191889e-04
   4.8073617e-04
   4.7968340e-04
   4.7854838e-04
   4.7751702e-04
   4.7639971e-04
   4.7520414e-04
   4.7394387e-04
   4.7224819e-04
   4.7009049e-04
   4.6806656e-04
   4.6622748e-04
   4.6454702e-04
   4.6309805e-04
   4.6165022e-04
   4.6016165e-04
   4.5876535e-04
   4.5742957e-04
   4.5604456e-04
   4.5461833e-04
   4.5297655e-04
   4.5109308e-04
   4.4931454e-04
   4.4762971e-04
   4.4615285e-04
   4.4490756e-04
   4.4331030e-04
   4.4123632e-04
   4.3894971e-04
   4.3637006e-04
   4.3320762e-04
   4.2951456e-04
   4.2490836e-04
   4.1939047e-04
   4.1403109e-04
   4.0898736e-04
   4.0432521e-04
   4.0022796e-04
   3.9624684e-04
   3.9237931e-04
   3.8878348e-04
   3.8544622e-04
   3.8259940e-04
   3.8035100e-04
   3.7839118e-04
   3.7675518e-04
   3.7598408e-04
   3.7604388e-04
   3.7728800e-04
   3.7973673e-04
   3.8216235e-04
   3.8435620e-04
   3.8640361e-04
   3.8809644e-04
   3.8963789e-04
   3.9103665e-04
   3.9197293e-04
   3.9243307e-04
   3.9271834e-04
   3.9281733e-04
   3.9282855e-04
   3.9278372e-04
   3.9232264e-04
   3.9142746e-04
   3.9005156e-04
   3.8816374e-04
   3.8614825e-04
   3.8408602e-04
   3.8183082e-04
   3.7944175e-04
   3.7706544e-04
   3.7469068e-04
   3.7250804e-04
   3.7053758e-04
   3.6829348e-04
   3.6569930e-04
   3.6289367e-04
   3.5981420e-04
   3.5639761e-04
   3.5268473e-04
   3.4844870e-04
   3.4370213e-04
   3.3900643e-04
   3.3444272e-04
   3.3007316e-04
   3.2599801e-04
   3.2194763e-04
   3.1792527e-04
   3.1400260e-04
   3.1017339e-04
   3.0662529e-04
   3.0342984e-04
   3.0041033e-04
   2.9759757e-04
   2.9528854e-04
   2.9346462e-04
   2.9234427e-04
   2.9194065e-04
   2.9154438e-04
   2.9104137e-04
   2.9046366e-04
   2.8969329e-04
   2.8889220e-04
   2.8806758e-04
   2.8705430e-04
   2.8585078e-04
   2.8455960e-04
   2.8316087e-04
   2.8175158e-04
   2.8034263e-04
   2.7868389e-04
   2.7677399e-04
   2.7453817e-04
   2.7195970e-04
   2.6941108e-04
   2.6696589e-04
   2.6452814e-04
   2.6215822e-04
   2.5992344e-04
   2.5781585e-04
   2.5599150e-04
   2.5446366e-04
   2.5289368e-04
   2.5123582e-04
   2.4955415e-04
   2.4780427e-04
   2.4600935e-04
   2.4419651e-04
   2.4222514e-04
   2.4010799e-04
   2.3812339e-04
   2.3629263e-04
   2.3475443e-04
   2.3355866e-04
   2.3235059e-04
   2.3113591e-04
   2.2984475e-04
   2.2845298e-04
   2.2747293e-04
   2.2702259e-04
   2.2682209e-04
   2.2693937e-04
   2.2771452e-04
   2.2909297e-04
   2.3145996e-04
   2.3481329e-04
   2.3802029e-04
   2.4091145e-04
   2.4341028e-04
   2.4532012e-04
   2.4712177e-04
   2.4881383e-04
   2.5023553e-04
   2.5139851e-04
   2.5202401e-04
   2.5198979e-04
   2.5163028e-04
   2.5090156e-04
   2.4922505e-04
   2.4663878e-04
   2.4274311e-04
   2.3751712e-04
   2.3230734e-04
   2.2733226e-04
   2.2255506e-04
   2.1820388e-04
   2.1393750e-04
   2.0974921e-04
   2.0593095e-04
   2.0248730e-04
   1.9931846e-04
   1.9648136e-04
   1.9377493e-04
   1.9119501e-04
   1.8921982e-04
   1.8784511e-04
   1.8727425e-04
   1.8753564e-04
   1.8781501e-04
   1.8798009e-04
   1.8807289e-04
   1.8795980e-04
   1.8783391e-04
   1.8770261e-04
   1.8739207e-04
   1.8690143e-04
   1.8630536e-04
   1.8557447e-04
   1.8483200e-04
   1.8408489e-04
   1.8304690e-04
   1.8172516e-04
   1.7999094e-04
   1.7783151e-04
   1.7575451e-04
   1.7383516e-04
   1.7210815e-04
   1.7065898e-04
   1.6924986e-04
   1.6788114e-04
   1.6660339e-04
   1.6540781e-04
   1.6448460e-04
   1.6390004e-04
   1.6347122e-04
   1.6322477e-04
   1.6344837e-04
   1.6411282e-04
   1.6545689e-04
   1.6748399e-04
   1.6943674e-04
   1.7120655e-04
   1.7270931e-04
   1.7381373e-04
   1.7491614e-04
   1.7601271e-04
   1.7703838e-04
   1.7800709e-04
   1.7856989e-04
   1.7861318e-04
   1.7842788e-04
   1.7796278e-04
   1.7676869e-04
   1.7488921e-04
   1.7194085e-04
   1.6791459e-04
   1.6400685e-04
   1.6039238e-04
   1.5716135e-04
   1.5451829e-04
   1.5191493e-04
   1.4935155e-04
   1.4697164e-04
   1.4475727e-04
   1.4308998e-04
   1.4211476e-04
   1.4143535e-04
   1.4110814e-04
   1.4178395e-04
   1.4340976e-04
   1.4647788e-04
   1.5100601e-04
   1.5538591e-04
   1.5936892e-04
   1.6291545e-04
   1.6575150e-04
   1.6845041e-04
   1.7101625e-04
   1.7317759e-04
   1.7494461e-04
   1.7611991e-04
   1.7657067e-04
   1.7669762e-04
   1.7646692e-04
   1.7512911e-04
   1.7272377e-04
   1.6879549e-04
   1.6331438e-04
   1.5789358e-04
   1.5279885e-04
   1.4796663e-04
   1.4366957e-04
   1.3953237e-04
   1.3554563e-04
   1.3207352e-04
   1.2912332e-04
   1.2651616e-04
   1.2431010e-04
   1.2227149e-04
   1.2038560e-04
   1.1923362e-04
   1.1881391e-04
   1.1934020e-04
   1.2084837e-04
   1.2240294e-04
   1.2383773e-04
   1.2527926e-04
   1.2657390e-04
   1.2778165e-04
   1.2891446e-04
   1.2969311e-04
   1.3010191e-04
   1.3053847e-04
   1.3102883e-04
   1.3158636e-04
   1.3225969e-04
   1.3283503e-04
   1.3328761e-04
   1.3367366e-04
   1.3397016e-04
   1.3422430e-04
   1.3445942e-04
   1.3456909e-04
   1.3455664e-04
   1.3459578e-04
   1.3467948e-04
   1.3489657e-04
   1.3526091e-04
   1.3542977e-04
   1.3533674e-04
   1.3511156e-04
   1.3470734e-04
   1.3400647e-04
   1.3303744e-04
   1.3160269e-04
   1.2970532e-04
   1.2786995e-04
   1.2617120e-04
   1.2465484e-04
   1.2341112e-04
   1.2219516e-04
   1.2100641e-04
   1.1991192e-04
   1.1890336e-04
   1.1813903e-04
   1.1768088e-04
   1.1735919e-04
   1.1719750e-04
   1.1747868e-04
   1.1818248e-04
   1.1950945e-04
   1.2146954e-04
   1.2338871e-04
   1.2515492e-04
   1.2680350e-04
   1.2822046e-04
   1.2954154e-04
   1.3077185e-04
   1.3174564e-04
   1.3245839e-04
   1.3303498e-04
   1.3346058e-04
   1.3381570e-04
   1.3411355e-04
   1.3412315e-04
   1.3383939e-04
   1.3320937e-04
   1.3221568e-04
   1.3116706e-04
   1.3012971e-04
   1.2898964e-04
   1.2779631e-04
   1.2667303e-04
   1.2561144e-04
   1.2477340e-04
   1.2417613e-04
   1.2340948e-04
   1.2241056e-04
   1.2128890e-04
   1.1999154e-04
   1.1848464e-04
   1.1680501e-04
   1.1475277e-04
   1.1234235e-04
   1.1003565e-04
   1.0788250e-04
   1.0603925e-04
   1.0458931e-04
   1.0309598e-04
   1.0156810e-04
   9.9957380e-05
   9.8240012e-05
   9.6994485e-05
   9.6362248e-05
   9.6020205e-05
   9.6049231e-05
   9.6859014e-05
   9.8389217e-05
   1.0110099e-04
   1.0499418e-04
   1.0873880e-04
   1.1215089e-04
   1.1506587e-04
   1.1725444e-04
   1.1944566e-04
   1.2163533e-04
   1.2371776e-04
   1.2572232e-04
   1.2700159e-04
   1.2735050e-04
   1.2729763e-04
   1.2674993e-04
   1.2490288e-04
   1.2183591e-04
   1.1686357e-04
   1.0996969e-04
   1.0330507e-04
   9.7192309e-05
   9.1745021e-05
   8.7330974e-05
   8.3067127e-05
   7.8951515e-05
   7.5293244e-05
   7.2069200e-05
   6.9763162e-05
   6.8595802e-05
   6.7943029e-05
   6.7879645e-05
   6.9488963e-05
   7.2696924e-05
   7.8251442e-05
   8.6188351e-05
   9.3985104e-05
   1.0124084e-04
   1.0796207e-04
   1.1372033e-04
   1.1928116e-04
   1.2465394e-04
   1.2935218e-04
   1.3337942e-04
   1.3667577e-04
   1.3908328e-04
   1.4111018e-04
   1.4273450e-04
   1.4290947e-04
   1.4167102e-04
   1.3846756e-04
   1.3324889e-04
   1.2806556e-04
   1.2325609e-04
   1.1871868e-04
   1.1479646e-04
   1.1103458e-04
   1.0741821e-04
   1.0441423e-04
   1.0203163e-04
   1.0000763e-04
   9.8406992e-05
   9.6945778e-05
   9.5599083e-05
   9.5086327e-05
   9.5404965e-05
   9.6813568e-05
   9.9354687e-05
   1.0188437e-04
   1.0420557e-04
   1.0642764e-04
   1.0836195e-04
   1.1017414e-04
   1.1187563e-04
   1.1317245e-04
   1.1405342e-04
   1.1481746e-04
   1.1545976e-04
   1.1607785e-04
   1.1670718e-04
   1.1700888e-04
   1.1697357e-04
   1.1654376e-04
   1.1569690e-04
   1.1483240e-04
   1.1402190e-04
   1.1321814e-04
   1.1248665e-04
   1.1178049e-04
   1.1109697e-04
   1.1053601e-04
   1.1010327e-04
   1.0969613e-04
   1.0931577e-04
   1.0893597e-04
   1.0854556e-04
   1.0824611e-04
   1.0803913e-04
   1.0795434e-04
   1.0799642e-04
   1.0803307e-04
   1.0805602e-04
   1.0798563e-04
   1.0779939e-04
   1.0770854e-04
   1.0770826e-04
   1.0786292e-04
   1.0818741e-04
   1.0832863e-04
   1.0821011e-04
   1.0800407e-04
   1.0766307e-04
   1.0699762e-04
   1.0604756e-04
   1.0454428e-04
   1.0249490e-04
   1.0063028e-04
   9.9036541e-05
   9.7905263e-05
   9.7364317e-05
   9.6811652e-05
   9.6255592e-05
   9.5656652e-05
   9.4981070e-05
   9.4978332e-05
   9.5839659e-05
   9.7097045e-05
   9.8852211e-05
   1.0172704e-04
   1.0563618e-04
   1.1121800e-04
   1.1847355e-04
   1.2549055e-04
   1.3198876e-04
   1.3780637e-04
   1.4261220e-04
   1.4729404e-04
   1.5184767e-04
   1.5604329e-04
   1.5990754e-04
   1.6281146e-04
   1.6451788e-04
   1.6565903e-04
   1.6613997e-04
   1.6492058e-04
   1.6208291e-04
   1.5683991e-04
   1.4916085e-04
   1.4161054e-04
   1.3458843e-04
   1.2813107e-04
   1.2267465e-04
   1.1735707e-04
   1.1217058e-04
   1.0757226e-04
   1.0355132e-04
   1.0032148e-04
   9.8072932e-05
   9.6228476e-05
   9.4830980e-05
   9.4999116e-05
   9.6682083e-05
   1.0053545e-04
   1.0660772e-04
   1.1256637e-04
   1.1803643e-04
   1.2307077e-04
   1.2727764e-04
   1.3129462e-04
   1.3513554e-04
   1.3832302e-04
   1.4085736e-04
   1.4281442e-04
   1.4407550e-04
   1.4506598e-04
   1.4578542e-04
   1.4530812e-04
   1.4365893e-04
   1.4040077e-04
   1.3548757e-04
   1.3063080e-04
   1.2611874e-04
   1.2183900e-04
   1.1807768e-04
   1.1450717e-04
   1.1111375e-04
   1.0831098e-04
   1.0611021e-04
   1.0419720e-04
   1.0260903e-04
   1.0113298e-04
   9.9734270e-05
   9.9005090e-05
   9.8951126e-05
   9.9733692e-05
   1.0139128e-04
   1.0307861e-04
   1.0463305e-04
   1.0623468e-04
   1.0774501e-04
   1.0908679e-04
   1.1027334e-04
   1.1099234e-04
   1.1121794e-04
   1.1155281e-04
   1.1206855e-04
   1.1267326e-04
   1.1344315e-04
   1.1428655e-04
   1.1515763e-04
   1.1626362e-04
   1.1758057e-04
   1.1872749e-04
   1.1966843e-04
   1.2024763e-04
   1.2039529e-04
   1.2051427e-04
   1.2059827e-04
   1.2069635e-04
   1.2083347e-04
   1.2048057e-04
   1.1950855e-04
   1.1822928e-04
   1.1657192e-04
   1.1413216e-04
   1.1096419e-04
   1.0666260e-04
   1.0122368e-04
   9.5888007e-05
   9.0858450e-05
   8.6108063e-05
   8.1850742e-05
   7.7783265e-05
   7.3900792e-05
   7.0488475e-05
   6.7553133e-05
   6.4962863e-05
   6.2764899e-05
   6.0785993e-05
   5.9017572e-05
   5.7901948e-05
   5.7443561e-05
   5.7789145e-05
   5.8970710e-05
   6.0312168e-05
   6.1681738e-05
   6.3255438e-05
   6.4924131e-05
   6.6563411e-05
   6.8187051e-05
   6.9512584e-05
   7.0513747e-05
   7.1806585e-05
   7.3476752e-05
   7.5375869e-05
   7.7580527e-05
   8.0105813e-05
   8.2898417e-05
   8.6220368e-05
   9.0049716e-05
   9.3778115e-05
   9.7323167e-05
   1.0057068e-04
   1.0340963e-04
   1.0621594e-04
   1.0898236e-04
   1.1166946e-04
   1.1429028e-04
   1.1647961e-04
   1.1812715e-04
   1.1949416e-04
   1.2052580e-04
   1.2082966e-04
   1.2044159e-04
   1.1902257e-04
   1.1656086e-04
   1.1411061e-04
   1.1183761e-04
   1.0973423e-04
   1.0797891e-04
   1.0626429e-04
   1.0458502e-04
   1.0315352e-04
   1.0196952e-04
   1.0101966e-04
   1.0036010e-04
   9.9811593e-05
   9.9379482e-05
   9.9452322e-05
   1.0002118e-04
   1.0128027e-04
   1.0325037e-04
   1.0520849e-04
   1.0704152e-04
   1.0875806e-04
   1.1023849e-04
   1.1170756e-04
   1.1317008e-04
   1.1449530e-04
   1.1568669e-04
   1.1671069e-04
   1.1752088e-04
   1.1827020e-04
   1.1895139e-04
   1.1926518e-04
   1.1922703e-04
   1.1865925e-04
   1.1755123e-04
   1.1653005e-04
   1.1568855e-04
   1.1506816e-04
   1.1477508e-04
   1.1452526e-04
   1.1431850e-04
   1.1422676e-04
   1.1423999e-04
   1.1456218e-04
   1.1526959e-04
   1.1614740e-04
   1.1722432e-04
   1.1884877e-04
   1.2098937e-04
   1.2391439e-04
   1.2763058e-04
   1.3126069e-04
   1.3467065e-04
   1.3781573e-04
   1.4054453e-04
   1.4320962e-04
   1.4580951e-04
   1.4821761e-04
   1.5044076e-04
   1.5228230e-04
   1.5365246e-04
   1.5479339e-04
   1.5567275e-04
   1.5586885e-04
   1.5541078e-04
   1.5399367e-04
   1.5160406e-04
   1.4923832e-04
   1.4704364e-04
   1.4508001e-04
   1.4351662e-04
   1.4192016e-04
   1.4029040e-04
   1.3875340e-04
   1.3729653e-04
   1.3620205e-04
   1.3558204e-04
   1.3513382e-04
   1.3490077e-04
   1.3538531e-04
   1.3654651e-04
   1.3877374e-04
   1.4207992e-04
   1.4521985e-04
   1.4801483e-04
   1.5035542e-04
   1.5202981e-04
   1.5364819e-04
   1.5521009e-04
   1.5658872e-04
   1.5780738e-04
   1.5838762e-04
   1.5816346e-04
   1.5758590e-04
   1.5658696e-04
   1.5445365e-04
   1.5125224e-04
   1.4641186e-04
   1.3991808e-04
   1.3360687e-04
   1.2775709e-04
   1.2245855e-04
   1.1802640e-04
   1.1372517e-04
   1.0955496e-04
   1.0578528e-04
   1.0239956e-04
   9.9789091e-05
   9.8137933e-05
   9.6931517e-05
   9.6232191e-05
   9.6941066e-05
   9.8997556e-05
   1.0302680e-04
   1.0905850e-04
   1.1499873e-04
   1.2052221e-04
   1.2559049e-04
   1.2984768e-04
   1.3402033e-04
   1.3811294e-04
   1.4176978e-04
   1.4500081e-04
   1.4757069e-04
   1.4931373e-04
   1.5071351e-04
   1.5172580e-04
   1.5143980e-04
   1.4990409e-04
   1.4653944e-04
   1.4131092e-04
   1.3619884e-04
   1.3150088e-04
   1.2730002e-04
   1.2393037e-04
   1.2059169e-04
   1.1727994e-04
   1.1427283e-04
   1.1154816e-04
   1.0955013e-04
   1.0847911e-04
   1.0776279e-04
   1.0746903e-04
   1.0858168e-04
   1.1102732e-04
   1.1551310e-04
   1.2206660e-04
   1.2834800e-04
   1.3400604e-04
   1.3891605e-04
   1.4267950e-04
   1.4627444e-04
   1.4970303e-04
   1.5264456e-04
   1.5512717e-04
   1.5657358e-04
   1.5673307e-04
   1.5632235e-04
   1.5525546e-04
   1.5230722e-04
   1.4756803e-04
   1.4017454e-04
   1.3009052e-04
   1.2021965e-04
   1.1102294e-04
   1.0251150e-04
   9.5180635e-05
   8.8120616e-05
   8.1323242e-05
   7.5335758e-05
   7.0152718e-05
   6.5902345e-05
   6.2779379e-05
   6.0171380e-05
   5.8111656e-05
   5.7837011e-05
   5.9300688e-05
   6.3175248e-05
   6.9518170e-05
   7.5856866e-05
   8.1782116e-05
   8.7417543e-05
   9.2348162e-05
   9.7113356e-05
   1.0172964e-04
   1.0562913e-04
   1.0879842e-04
   1.1156951e-04
   1.1386764e-04
   1.1601436e-04
   1.1803952e-04
   1.1910510e-04
   1.1921006e-04
   1.1805799e-04
   1.1559720e-04
   1.1313277e-04
   1.1088219e-04
   1.0875240e-04
   1.0695708e-04
   1.0523295e-04
   1.0356725e-04
   1.0225795e-04
   1.0131003e-04
   1.0052527e-04
   9.9936984e-05
   9.9367104e-05
   9.8793106e-05
   9.8668710e-05
   9.8988601e-05
   9.9917883e-05
   1.0147934e-04
   1.0294250e-04
   1.0418946e-04
   1.0522607e-04
   1.0592999e-04
   1.0653283e-04
   1.0703737e-04
   1.0731677e-04
   1.0737471e-04
   1.0715148e-04
   1.0659220e-04
   1.0588273e-04
   1.0501397e-04
   1.0363241e-04
   1.0175892e-04
   9.9185671e-05
   9.5901490e-05
   9.2664171e-05
   8.9599162e-05
   8.6691123e-05
