   3.8925751e-02
   2.1491613e-02
   2.4127387e-03
   3.5958716e-02
   7.9244079e-02
   1.2184064e-01
   1.6200609e-01
   2.0018610e-01
   2.3459293e-01
   2.6740948e-01
   2.9868566e-01
   3.2589242e-01
   3.4894367e-01
   3.6955039e-01
   3.8743835e-01
   4.0380989e-01
   4.1881866e-01
   4.2901115e-01
   4.3430594e-01
   4.3379978e-01
   4.2722846e-01
   4.1931391e-01
   4.1098823e-01
   4.0093459e-01
   3.8990807e-01
   3.7890147e-01
   3.6781468e-01
   3.5865349e-01
   3.5161071e-01
   3.4220383e-01
   3.2979569e-01
   3.1551098e-01
   2.9879202e-01
   2.7942636e-01
   2.5779689e-01
   2.3199412e-01
   2.0216589e-01
   1.7286022e-01
   1.4473748e-01
   1.1837628e-01
   9.4604191e-02
   7.1169066e-02
   4.8111836e-02
   2.5997895e-02
   4.7813466e-03
   1.3886648e-02
   2.9394107e-02
   4.3206396e-02
   5.5050085e-02
   6.2476648e-02
   6.5636960e-02
   6.2712227e-02
   5.3589973e-02
   4.4151652e-02
   3.5355243e-02
   2.6853490e-02
   1.9625044e-02
   1.2502786e-02
   5.4282752e-03
   1.5560277e-04
   4.2129062e-03
   7.9089988e-03
   1.1152446e-02
   1.4491152e-02
   1.8044397e-02
   2.0096749e-02
   2.0595234e-02
   1.9157347e-02
   1.5651080e-02
   1.2219640e-02
   9.2403834e-03
   6.3645514e-03
   3.9280380e-03
   1.8209126e-03
   1.9125725e-06
   9.0283719e-04
   8.6793626e-04
   8.3987174e-04
   8.9445863e-04
   1.0820058e-03
   1.5303426e-03
   1.7458543e-03
   1.6908716e-03
   1.4727088e-03
   1.0554532e-03
   6.3521611e-04
   2.6630935e-04
   1.3830415e-04
   5.4611805e-04
   8.7144912e-04
   1.1133681e-03
   1.1900248e-03
   1.0882886e-03
   9.9783260e-04
   9.4004071e-04
   9.0328858e-04
   9.1308127e-04
   9.0720588e-04
   8.7842026e-04
   8.5963521e-04
   8.4671417e-04
   8.2935274e-04
   8.1017247e-04
   7.7985474e-04
   7.3740815e-04
   7.0317723e-04
   6.7866973e-04
   6.6580466e-04
   6.6692087e-04
   6.6688214e-04
   6.6362692e-04
   6.5993212e-04
   6.5391727e-04
   6.4839845e-04
   6.4394854e-04
   6.3780090e-04
   6.3010865e-04
   6.2338628e-04
   6.1771812e-04
   6.1348075e-04
   6.1099356e-04
   6.0859189e-04
   6.0609859e-04
   6.0384234e-04
   6.0163701e-04
   5.9986262e-04
   5.9859719e-04
   5.9751372e-04
   5.9662662e-04
   5.9617927e-04
   5.9612456e-04
   5.9661872e-04
   5.9765593e-04
   5.9865293e-04
   5.9949951e-04
   6.0023099e-04
   6.0073956e-04
   6.0109225e-04
   6.0128440e-04
   6.0114641e-04
   6.0066238e-04
   6.0000549e-04
   5.9916966e-04
   5.9818768e-04
   5.9707432e-04
   5.9565016e-04
   5.9389724e-04
   5.9181681e-04
   5.8938708e-04
   5.8674175e-04
   5.8392351e-04
   5.8077349e-04
   5.7730928e-04
   5.7379167e-04
   5.7021048e-04
   5.6672992e-04
   5.6337585e-04
   5.5957445e-04
   5.5521583e-04
   5.5055045e-04
   5.4550628e-04
   5.3983690e-04
   5.3359988e-04
   5.2644547e-04
   5.1838306e-04
   5.1041860e-04
   5.0271532e-04
   4.9528495e-04
   4.8830539e-04
   4.8148520e-04
   4.7482549e-04
   4.6854059e-04
   4.6263538e-04
   4.5709282e-04
   4.5197163e-04
   4.4709820e-04
   4.4247998e-04
   4.3851466e-04
   4.3520143e-04
   4.3271059e-04
   4.3107035e-04
   4.2959505e-04
   4.2815586e-04
   4.2690943e-04
   4.2574505e-04
   4.2457853e-04
   4.2342381e-04
   4.2201100e-04
   4.2031765e-04
   4.1889925e-04
   4.1782903e-04
   4.1698823e-04
   4.1644578e-04
   4.1618451e-04
   4.1615664e-04
   4.1658680e-04
   4.1745292e-04
   4.1825889e-04
   4.1894202e-04
   4.1937608e-04
   4.1946914e-04
   4.1958927e-04
   4.1972773e-04
   4.1988101e-04
   4.2006394e-04
   4.1985796e-04
   4.1914860e-04
   4.1819682e-04
   4.1694080e-04
   4.1501349e-04
   4.1245470e-04
   4.0891015e-04
   4.0437131e-04
   3.9989975e-04
   3.9565501e-04
   3.9167142e-04
   3.8812876e-04
   3.8463171e-04
   3.8117581e-04
   3.7793702e-04
   3.7490625e-04
   3.7222708e-04
   3.6998898e-04
   3.6792414e-04
   3.6605666e-04
   3.6488141e-04
   3.6437251e-04
   3.6483217e-04
   3.6628125e-04
   3.6765245e-04
   3.6876852e-04
   3.6968854e-04
   3.7023342e-04
   3.7062124e-04
   3.7086134e-04
   3.7069514e-04
   3.7011736e-04
   3.6931715e-04
   3.6826910e-04
   3.6711716e-04
   3.6588307e-04
   3.6417759e-04
   3.6199646e-04
   3.5924263e-04
   3.5588939e-04
   3.5248723e-04
   3.4915603e-04
   3.4569474e-04
   3.4219330e-04
   3.3887639e-04
   3.3573080e-04
   3.3304750e-04
   3.3085885e-04
   3.2842826e-04
   3.2564216e-04
   3.2270646e-04
   3.1952676e-04
   3.1602585e-04
   3.1227060e-04
   3.0789590e-04
   3.0292632e-04
   2.9822275e-04
   2.9388294e-04
   2.9016283e-04
   2.8721629e-04
   2.8429596e-04
   2.8141376e-04
   2.7851529e-04
   2.7555909e-04
   2.7348097e-04
   2.7251819e-04
   2.7209932e-04
   2.7235231e-04
   2.7403459e-04
   2.7704502e-04
   2.8215412e-04
   2.8936641e-04
   2.9636468e-04
   3.0279848e-04
   3.0854703e-04
   3.1321037e-04
   3.1771193e-04
   3.2205130e-04
   3.2587566e-04
   3.2920395e-04
   3.3157554e-04
   3.3276438e-04
   3.3339428e-04
   3.3338894e-04
   3.3163965e-04
   3.2821385e-04
   3.2236308e-04
   3.1404556e-04
   3.0578543e-04
   2.9798101e-04
   2.9062298e-04
   2.8413780e-04
   2.7775403e-04
   2.7146125e-04
   2.6573886e-04
   2.6058255e-04
   2.5606533e-04
   2.5234390e-04
   2.4892720e-04
   2.4584032e-04
   2.4408650e-04
   2.4362809e-04
   2.4502375e-04
   2.4831884e-04
   2.5150964e-04
   2.5429002e-04
   2.5661527e-04
   2.5814989e-04
   2.5963815e-04
   2.6108741e-04
   2.6218990e-04
   2.6296396e-04
   2.6308046e-04
   2.6236145e-04
   2.6133877e-04
   2.5996091e-04
   2.5728011e-04
   2.5336147e-04
   2.4756058e-04
   2.3984960e-04
   2.3240463e-04
   2.2555303e-04
   2.1941275e-04
   2.1435464e-04
   2.0946276e-04
   2.0473579e-04
   2.0046749e-04
   1.9663116e-04
   1.9378306e-04
   1.9216148e-04
   1.9108354e-04
   1.9063141e-04
   1.9196951e-04
   1.9501111e-04
   2.0057813e-04
   2.0870490e-04
   2.1662403e-04
   2.2389340e-04
   2.3051926e-04
   2.3602974e-04
   2.4125733e-04
   2.4621156e-04
   2.5035112e-04
   2.5367900e-04
   2.5614688e-04
   2.5758189e-04
   2.5855180e-04
   2.5903589e-04
   2.5785491e-04
   2.5504611e-04
   2.5001501e-04
   2.4270259e-04
   2.3538114e-04
   2.2844568e-04
   2.2166637e-04
   2.1542315e-04
   2.0945469e-04
   2.0373870e-04
   1.9891258e-04
   1.9500823e-04
   1.9126049e-04
   1.8764843e-04
   1.8406272e-04
   1.8041441e-04
   1.7730383e-04
   1.7477883e-04
   1.7280968e-04
   1.7145479e-04
   1.7030041e-04
   1.6923693e-04
   1.6856834e-04
   1.6823622e-04
   1.6781382e-04
   1.6732247e-04
   1.6643781e-04
   1.6511753e-04
   1.6438603e-04
   1.6442573e-04
   1.6488380e-04
   1.6589575e-04
   1.6772624e-04
   1.7028620e-04
   1.7413083e-04
   1.7924086e-04
   1.8417892e-04
   1.8874478e-04
   1.9275863e-04
   1.9596859e-04
   1.9913571e-04
   2.0225438e-04
   2.0518354e-04
   2.0794995e-04
   2.0993246e-04
   2.1092297e-04
   2.1145089e-04
   2.1142359e-04
   2.1000800e-04
   2.0727456e-04
   2.0255664e-04
   1.9582928e-04
   1.8922343e-04
   1.8307406e-04
   1.7737906e-04
   1.7249948e-04
   1.6778441e-04
   1.6322359e-04
   1.5923203e-04
   1.5580516e-04
   1.5297783e-04
   1.5087892e-04
   1.4908866e-04
   1.4762290e-04
   1.4735111e-04
   1.4824567e-04
   1.5075121e-04
   1.5491087e-04
   1.5904741e-04
   1.6287826e-04
   1.6652226e-04
   1.6969921e-04
   1.7270929e-04
   1.7556650e-04
   1.7785483e-04
   1.7956055e-04
   1.8103736e-04
   1.8226045e-04
   1.8339701e-04
   1.8448533e-04
   1.8500602e-04
   1.8494687e-04
   1.8418959e-04
   1.8269765e-04
   1.8114182e-04
   1.7964402e-04
   1.7809478e-04
   1.7660247e-04
   1.7514776e-04
   1.7372141e-04
   1.7252722e-04
   1.7157801e-04
   1.7056072e-04
   1.6945017e-04
   1.6825042e-04
   1.6692278e-04
   1.6560200e-04
   1.6430594e-04
   1.6298705e-04
   1.6165943e-04
   1.6032779e-04
   1.5899179e-04
   1.5766245e-04
   1.5634341e-04
   1.5503289e-04
   1.5373222e-04
   1.5245152e-04
   1.5119290e-04
   1.4993830e-04
   1.4868493e-04
   1.4745319e-04
   1.4624315e-04
   1.4503140e-04
   1.4382551e-04
   1.4259633e-04
   1.4134767e-04
   1.4017194e-04
   1.3907994e-04
   1.3811251e-04
   1.3728761e-04
   1.3650185e-04
   1.3575887e-04
   1.3504000e-04
   1.3433962e-04
   1.3381326e-04
   1.3349827e-04
   1.3330699e-04
   1.3326047e-04
   1.3347016e-04
   1.3391917e-04
   1.3472945e-04
   1.3590041e-04
   1.3707041e-04
   1.3818517e-04
   1.3921872e-04
   1.4010781e-04
   1.4100731e-04
   1.4191557e-04
   1.4278384e-04
   1.4361473e-04
   1.4431010e-04
   1.4483003e-04
   1.4527162e-04
   1.4561794e-04
   1.4570493e-04
   1.4554448e-04
   1.4500496e-04
   1.4408112e-04
   1.4317838e-04
   1.4235030e-04
   1.4165336e-04
   1.4115597e-04
   1.4061334e-04
   1.4002654e-04
   1.3941284e-04
   1.3876076e-04
   1.3831702e-04
   1.3815240e-04
   1.3809000e-04
   1.3816473e-04
   1.3862841e-04
   1.3945042e-04
   1.4087629e-04
   1.4290767e-04
   1.4481219e-04
   1.4649200e-04
   1.4783402e-04
   1.4871235e-04
   1.4957903e-04
   1.5043090e-04
   1.5123627e-04
   1.5201670e-04
   1.5231352e-04
   1.5199338e-04
   1.5140107e-04
   1.5047349e-04
   1.4870931e-04
   1.4616516e-04
   1.4239047e-04
   1.3737914e-04
   1.3253415e-04
   1.2806738e-04
   1.2405772e-04
   1.2074702e-04
   1.1755959e-04
   1.1449631e-04
   1.1175923e-04
   1.0933502e-04
   1.0754378e-04
   1.0653042e-04
   1.0589553e-04
   1.0568989e-04
   1.0660714e-04
   1.0860009e-04
   1.1215485e-04
   1.1729438e-04
   1.2239626e-04
   1.2720740e-04
   1.3170518e-04
   1.3561370e-04
   1.3948016e-04
   1.4330816e-04
   1.4681381e-04
   1.5000291e-04
   1.5272404e-04
   1.5485465e-04
   1.5675310e-04
   1.5838829e-04
   1.5907091e-04
   1.5883419e-04
   1.5725058e-04
   1.5429145e-04
   1.5142573e-04
   1.4887322e-04
   1.4669188e-04
   1.4512802e-04
   1.4358839e-04
   1.4206807e-04
   1.4077340e-04
   1.3968622e-04
   1.3912970e-04
   1.3925114e-04
   1.3961812e-04
   1.4027832e-04
   1.4197504e-04
   1.4465249e-04
   1.4883425e-04
   1.5454079e-04
   1.6001492e-04
   1.6498543e-04
   1.6939599e-04
   1.7294673e-04
   1.7629181e-04
   1.7943413e-04
   1.8209351e-04
   1.8428357e-04
   1.8572524e-04
   1.8626052e-04
   1.8636017e-04
   1.8597981e-04
   1.8426508e-04
   1.8126781e-04
   1.7644366e-04
   1.6976255e-04
   1.6312545e-04
   1.5684342e-04
   1.5086833e-04
   1.4552386e-04
   1.4032406e-04
   1.3526198e-04
   1.3074440e-04
   1.2677871e-04
   1.2324872e-04
   1.2024081e-04
   1.1745972e-04
   1.1490332e-04
   1.1326126e-04
   1.1252450e-04
   1.1300132e-04
   1.1473090e-04
   1.1650660e-04
   1.1813545e-04
   1.1965552e-04
   1.2086747e-04
   1.2210150e-04
   1.2336590e-04
   1.2442410e-04
   1.2527714e-04
   1.2594623e-04
   1.2636957e-04
   1.2676104e-04
   1.2711742e-04
   1.2698597e-04
   1.2638430e-04
   1.2506398e-04
   1.2300677e-04
   1.2110258e-04
   1.1947518e-04
   1.1822388e-04
   1.1749808e-04
   1.1680182e-04
   1.1613559e-04
   1.1555471e-04
   1.1503514e-04
   1.1504726e-04
   1.1573537e-04
   1.1670345e-04
   1.1801425e-04
   1.2025963e-04
   1.2337396e-04
   1.2786564e-04
   1.3374068e-04
   1.3938375e-04
   1.4454948e-04
   1.4914143e-04
   1.5287989e-04
   1.5643563e-04
   1.5980624e-04
   1.6276289e-04
   1.6532124e-04
   1.6709108e-04
   1.6789918e-04
   1.6822643e-04
   1.6801207e-04
   1.6642330e-04
   1.6351709e-04
   1.5871487e-04
   1.5198894e-04
   1.4528797e-04
   1.3892464e-04
   1.3287789e-04
   1.2747939e-04
   1.2217422e-04
   1.1695583e-04
   1.1221690e-04
   1.0795986e-04
   1.0416573e-04
   1.0094308e-04
   9.7945553e-05
   9.5184446e-05
   9.3411372e-05
   9.2608296e-05
   9.3154570e-05
   9.5090325e-05
   9.7004617e-05
   9.8674547e-05
   1.0013102e-04
   1.0114089e-04
   1.0211394e-04
   1.0306119e-04
   1.0371127e-04
   1.0406940e-04
   1.0413284e-04
   1.0382254e-04
   1.0342197e-04
   1.0292675e-04
   1.0175716e-04
   9.9937814e-05
   9.7162808e-05
   9.3408972e-05
   8.9822831e-05
   8.6588191e-05
   8.3701084e-05
   8.1355512e-05
   7.9195910e-05
   7.7218262e-05
   7.5633771e-05
   7.4438941e-05
   7.3691541e-05
   7.3469606e-05
   7.3515622e-05
   7.3841271e-05
   7.4955128e-05
   7.6833066e-05
   7.9757860e-05
   8.3749090e-05
   8.7762966e-05
   9.1626085e-05
   9.5373255e-05
   9.8826367e-05
   1.0223651e-04
   1.0560656e-04
   1.0870824e-04
   1.1153515e-04
   1.1417001e-04
   1.1656836e-04
   1.1888232e-04
   1.2111445e-04
   1.2289434e-04
   1.2422453e-04
   1.2494331e-04
   1.2502835e-04
   1.2511120e-04
   1.2528894e-04
   1.2555665e-04
   1.2601733e-04
   1.2646086e-04
   1.2688222e-04
   1.2738570e-04
   1.2796588e-04
   1.2868115e-04
   1.2957620e-04
   1.3050555e-04
   1.3147827e-04
   1.3276090e-04
   1.3433449e-04
   1.3637636e-04
   1.3889237e-04
   1.4128132e-04
   1.4345970e-04
   1.4534325e-04
   1.4682826e-04
   1.4827087e-04
   1.4966704e-04
   1.5098905e-04
   1.5225215e-04
   1.5309042e-04
   1.5339671e-04
   1.5344207e-04
   1.5317497e-04
   1.5220149e-04
   1.5056757e-04
   1.4790485e-04
   1.4420998e-04
   1.4060482e-04
   1.3724780e-04
   1.3426778e-04
   1.3185860e-04
   1.2942368e-04
   1.2696723e-04
   1.2458526e-04
   1.2225521e-04
   1.2049886e-04
   1.1948632e-04
   1.1877430e-04
   1.1843836e-04
   1.1916591e-04
   1.2089237e-04
   1.2418796e-04
   1.2906855e-04
   1.3372813e-04
   1.3789189e-04
   1.4149446e-04
   1.4422832e-04
   1.4677831e-04
   1.4914946e-04
   1.5105309e-04
   1.5250551e-04
   1.5321870e-04
   1.5303015e-04
   1.5242869e-04
   1.5136936e-04
   1.4896578e-04
   1.4527001e-04
   1.3972970e-04
   1.3231177e-04
   1.2497011e-04
   1.1803437e-04
   1.1139141e-04
   1.0537297e-04
   9.9608267e-05
   9.4085431e-05
   8.9288313e-05
   8.5234598e-05
   8.1545326e-05
   7.8259399e-05
   7.5170331e-05
   7.2240362e-05
   7.0097610e-05
   6.8759079e-05
   6.8370915e-05
   6.8980859e-05
   6.9770270e-05
   7.0580086e-05
   7.1620639e-05
   7.2761378e-05
   7.3871575e-05
   7.4968002e-05
   7.5724806e-05
   7.6113250e-05
   7.6826123e-05
   7.7956683e-05
   7.9358578e-05
   8.1119208e-05
   8.3219570e-05
   8.5604523e-05
   8.8543108e-05
   9.2011864e-05
   9.5417531e-05
   9.8679267e-05
   1.0169506e-04
   1.0435671e-04
   1.0700916e-04
   1.0964639e-04
   1.1221615e-04
   1.1472911e-04
   1.1688039e-04
   1.1857235e-04
   1.2003579e-04
   1.2122334e-04
   1.2177515e-04
   1.2171904e-04
   1.2076252e-04
   1.1889131e-04
   1.1702878e-04
   1.1532421e-04
   1.1373344e-04
   1.1241071e-04
   1.1115562e-04
   1.0995923e-04
   1.0904223e-04
   1.0840832e-04
   1.0790238e-04
   1.0754513e-04
   1.0722943e-04
   1.0693907e-04
   1.0697239e-04
   1.0733444e-04
   1.0810248e-04
   1.0929779e-04
   1.1050914e-04
   1.1165636e-04
   1.1284169e-04
   1.1399885e-04
   1.1506470e-04
   1.1604718e-04
   1.1678311e-04
   1.1725814e-04
   1.1781649e-04
   1.1850442e-04
   1.1924950e-04
   1.2009546e-04
   1.2103288e-04
   1.2203469e-04
   1.2323640e-04
   1.2462697e-04
   1.2591088e-04
   1.2704972e-04
   1.2798822e-04
   1.2867360e-04
   1.2929147e-04
   1.2984047e-04
   1.3030019e-04
   1.3067915e-04
   1.3080670e-04
   1.3063050e-04
   1.3028777e-04
   1.2975503e-04
   1.2882337e-04
   1.2751113e-04
   1.2565827e-04
   1.2325836e-04
   1.2084694e-04
   1.1852092e-04
   1.1621002e-04
   1.1400569e-04
   1.1189358e-04
   1.0986858e-04
   1.0810883e-04
   1.0662766e-04
   1.0514486e-04
   1.0363620e-04
   1.0212854e-04
   1.0058950e-04
   9.9105855e-05
   9.7702711e-05
   9.6296236e-05
   9.4903954e-05
   9.3648261e-05
   9.2532547e-05
   9.1675136e-05
   9.1101613e-05
   9.0557063e-05
   9.0048962e-05
   8.9503440e-05
   8.8902916e-05
   8.8662632e-05
   8.8874347e-05
   8.9328238e-05
   9.0079569e-05
   9.1373743e-05
   9.3169451e-05
   9.5756214e-05
   9.9132317e-05
   1.0245026e-04
   1.0557782e-04
   1.0849084e-04
   1.1104200e-04
   1.1352036e-04
   1.1592616e-04
   1.1810356e-04
   1.2005418e-04
   1.2170834e-04
   1.2300197e-04
   1.2411806e-04
   1.2504062e-04
   1.2540584e-04
   1.2522585e-04
   1.2429687e-04
   1.2259957e-04
   1.2086714e-04
   1.1922253e-04
   1.1760548e-04
   1.1613747e-04
   1.1470181e-04
   1.1329077e-04
   1.1209472e-04
   1.1112043e-04
   1.1017698e-04
   1.0926733e-04
   1.0833693e-04
   1.0736444e-04
   1.0655504e-04
   1.0591842e-04
   1.0547963e-04
   1.0525554e-04
   1.0503229e-04
   1.0476896e-04
   1.0452047e-04
   1.0425398e-04
   1.0394401e-04
   1.0359591e-04
   1.0313124e-04
   1.0254475e-04
   1.0199807e-04
   1.0151199e-04
   1.0106627e-04
   1.0068302e-04
   1.0033562e-04
   1.0001453e-04
   9.9771112e-05
   9.9600945e-05
   9.9419317e-05
   9.9218931e-05
   9.8969673e-05
   9.8656850e-05
   9.8363483e-05
   9.8089174e-05
   9.7841598e-05
   9.7626078e-05
   9.7341679e-05
   9.6964073e-05
   9.6550187e-05
   9.6086271e-05
   9.5501104e-05
   9.4804880e-05
   9.3920548e-05
   9.2847759e-05
   9.1813208e-05
   9.0850578e-05
   8.9973473e-05
   8.9220818e-05
   8.8497937e-05
   8.7804589e-05
   8.7173599e-05
   8.6602393e-05
   8.6142356e-05
   8.5816843e-05
   8.5559906e-05
   8.5379446e-05
   8.5389995e-05
   8.5583993e-05
   8.6038866e-05
   8.6758634e-05
   8.7479131e-05
   8.8157012e-05
   8.8801183e-05
