   7.7834680e-03
   4.2537735e-03
   1.9929203e-02
   4.1070936e-02
   6.7725222e-02
   9.3906879e-02
   1.1861172e-01
   1.4209290e-01
   1.6332042e-01
   1.8353189e-01
   2.0275289e-01
   2.1952010e-01
   2.3378027e-01
   2.4654266e-01
   2.5765256e-01
   2.6778990e-01
   2.7704522e-01
   2.8343563e-01
   2.8690857e-01
   2.8696959e-01
   2.8346329e-01
   2.7905236e-01
   2.7427559e-01
   2.6830395e-01
   2.6156199e-01
   2.5478289e-01
   2.4790598e-01
   2.4214493e-01
   2.3762463e-01
   2.3148396e-01
   2.2329674e-01
   2.1385689e-01
   2.0280848e-01
   1.8986363e-01
   1.7527470e-01
   1.5774257e-01
   1.3735680e-01
   1.1732776e-01
   9.8127808e-02
   8.0123530e-02
   6.3896210e-02
   4.7920976e-02
   3.2223933e-02
   1.7226828e-02
   2.9011712e-03
   9.6952583e-03
   2.0152310e-02
   2.9467772e-02
   3.7464575e-02
   4.2447582e-02
   4.4517098e-02
   4.2444253e-02
   3.6150627e-02
   2.9645851e-02
   2.3584357e-02
   1.7726726e-02
   1.2740321e-02
   7.8337181e-03
   2.9675403e-03
   8.7418475e-04
   3.6664089e-03
   6.2053076e-03
   8.4283831e-03
   1.0711069e-02
   1.3134986e-02
   1.4525872e-02
   1.4848036e-02
   1.3838207e-02
   1.1406445e-02
   9.0244726e-03
   6.9514393e-03
   4.9498767e-03
   3.2507618e-03
   1.7759734e-03
   4.9756232e-04
   1.5557482e-04
   1.6597242e-04
   1.7783206e-04
   2.4186479e-04
   3.9478133e-04
   7.2341319e-04
   8.8609672e-04
   8.5724750e-04
   7.0706434e-04
   4.1072800e-04
   1.1221855e-04
   1.4975979e-04
   4.3548237e-04
   7.2113069e-04
   9.4992598e-04
   1.1213959e-03
   1.1770793e-03
   1.1079682e-03
   1.0462305e-03
   1.0064807e-03
   9.8147286e-04
   9.8894614e-04
   9.8384228e-04
   9.6110797e-04
   9.4296497e-04
   9.2639746e-04
   9.0694857e-04
   8.8687627e-04
   8.5942323e-04
   8.2432120e-04
   7.9525391e-04
   7.7321591e-04
   7.6019787e-04
   7.5782549e-04
   7.5491042e-04
   7.5001973e-04
   7.4482464e-04
   7.3792515e-04
   7.3204853e-04
   7.2759128e-04
   7.2279758e-04
   7.1780732e-04
   7.1334925e-04
   7.0932064e-04
   7.0590810e-04
   7.0315748e-04
   7.0039834e-04
   6.9749974e-04
   6.9460212e-04
   6.9159203e-04
   6.8827801e-04
   6.8455698e-04
   6.8064858e-04
   6.7650067e-04
   6.7156760e-04
   6.6588583e-04
   6.5900022e-04
   6.5089473e-04
   6.4301420e-04
   6.3557510e-04
   6.2863899e-04
   6.2245033e-04
   6.1643413e-04
   6.1058573e-04
   6.0512015e-04
   6.0002090e-04
   5.9557087e-04
   5.9190833e-04
   5.8862470e-04
   5.8576218e-04
   5.8403621e-04
   5.8339787e-04
   5.8432443e-04
   5.8683829e-04
   5.8929754e-04
   5.9143628e-04
   5.9327363e-04
   5.9452902e-04
   5.9566333e-04
   5.9668109e-04
   5.9724883e-04
   5.9736356e-04
   5.9704775e-04
   5.9621010e-04
   5.9514584e-04
   5.9384681e-04
   5.9166965e-04
   5.8862966e-04
   5.8440921e-04
   5.7897420e-04
   5.7352538e-04
   5.6825824e-04
   5.6311922e-04
   5.5830775e-04
   5.5353595e-04
   5.4879473e-04
   5.4434406e-04
   5.4018672e-04
   5.3621355e-04
   5.3247007e-04
   5.2877502e-04
   5.2511981e-04
   5.2193342e-04
   5.1920885e-04
   5.1713048e-04
   5.1572080e-04
   5.1423931e-04
   5.1257009e-04
   5.1071357e-04
   5.0854708e-04
   5.0631992e-04
   5.0403651e-04
   5.0157357e-04
   4.9893725e-04
   4.9605096e-04
   4.9285758e-04
   4.8954822e-04
   4.8611200e-04
   4.8219587e-04
   4.7782276e-04
   4.7277617e-04
   4.6704612e-04
   4.6140778e-04
   4.5598649e-04
   4.5078591e-04
   4.4593955e-04
   4.4120625e-04
   4.3658568e-04
   4.3222302e-04
   4.2811813e-04
   4.2431338e-04
   4.2086381e-04
   4.1760021e-04
   4.1453318e-04
   4.1200432e-04
   4.1000058e-04
   4.0871105e-04
   4.0815173e-04
   4.0763338e-04
   4.0704213e-04
   4.0641308e-04
   4.0563069e-04
   4.0484466e-04
   4.0406005e-04
   4.0311654e-04
   4.0201064e-04
   4.0083981e-04
   3.9958299e-04
   3.9833569e-04
   3.9710722e-04
   3.9564911e-04
   3.9396019e-04
   3.9195918e-04
   3.8962948e-04
   3.8735057e-04
   3.8519263e-04
   3.8308248e-04
   3.8108122e-04
   3.7920450e-04
   3.7744460e-04
   3.7593546e-04
   3.7468502e-04
   3.7344723e-04
   3.7219523e-04
   3.7094412e-04
   3.6966055e-04
   3.6842220e-04
   3.6724551e-04
   3.6605447e-04
   3.6486044e-04
   3.6374706e-04
   3.6270376e-04
   3.6186822e-04
   3.6125609e-04
   3.6056795e-04
   3.5980975e-04
   3.5886956e-04
   3.5772287e-04
   3.5688853e-04
   3.5647357e-04
   3.5623698e-04
   3.5624674e-04
   3.5675640e-04
   3.5771240e-04
   3.5946758e-04
   3.6201432e-04
   3.6436821e-04
   3.6639248e-04
   3.6795505e-04
   3.6888408e-04
   3.6972788e-04
   3.7048215e-04
   3.7106802e-04
   3.7150751e-04
   3.7131068e-04
   3.7032144e-04
   3.6894685e-04
   3.6711735e-04
   3.6420774e-04
   3.6027696e-04
   3.5481415e-04
   3.4780475e-04
   3.4088908e-04
   3.3432901e-04
   3.2811982e-04
   3.2254220e-04
   3.1711429e-04
   3.1183088e-04
   3.0702141e-04
   3.0268655e-04
   2.9882500e-04
   2.9553191e-04
   2.9250294e-04
   2.8974862e-04
   2.8792120e-04
   2.8700494e-04
   2.8732071e-04
   2.8890375e-04
   2.9053229e-04
   2.9200025e-04
   2.9340579e-04
   2.9454610e-04
   2.9562238e-04
   2.9664600e-04
   2.9730739e-04
   2.9759523e-04
   2.9780028e-04
   2.9791235e-04
   2.9803114e-04
   2.9818830e-04
   2.9803615e-04
   2.9756242e-04
   2.9670238e-04
   2.9543012e-04
   2.9415167e-04
   2.9293513e-04
   2.9174143e-04
   2.9063479e-04
   2.8953802e-04
   2.8844577e-04
   2.8744716e-04
   2.8654263e-04
   2.8567155e-04
   2.8484383e-04
   2.8399695e-04
   2.8312271e-04
   2.8237005e-04
   2.8173380e-04
   2.8127720e-04
   2.8100521e-04
   2.8065508e-04
   2.8018841e-04
   2.7957557e-04
   2.7877155e-04
   2.7792091e-04
   2.7702266e-04
   2.7605971e-04
   2.7503882e-04
   2.7381957e-04
   2.7235744e-04
   2.7078000e-04
   2.6906921e-04
   2.6702892e-04
   2.6467933e-04
   2.6186552e-04
   2.5858461e-04
   2.5535212e-04
   2.5225462e-04
   2.4927705e-04
   2.4650896e-04
   2.4383292e-04
   2.4124794e-04
   2.3887478e-04
   2.3671768e-04
   2.3471446e-04
   2.3288416e-04
   2.3115591e-04
   2.2952545e-04
   2.2817941e-04
   2.2712016e-04
   2.2640774e-04
   2.2605582e-04
   2.2578341e-04
   2.2553552e-04
   2.2538691e-04
   2.2529227e-04
   2.2519707e-04
   2.2510714e-04
   2.2490362e-04
   2.2457535e-04
   2.2438371e-04
   2.2436513e-04
   2.2445670e-04
   2.2469093e-04
   2.2507373e-04
   2.2558228e-04
   2.2632829e-04
   2.2730213e-04
   2.2824531e-04
   2.2912358e-04
   2.2988235e-04
   2.3047417e-04
   2.3107022e-04
   2.3166661e-04
   2.3225290e-04
   2.3283514e-04
   2.3323321e-04
   2.3339563e-04
   2.3343919e-04
   2.3333670e-04
   2.3291983e-04
   2.3220598e-04
   2.3103527e-04
   2.2940369e-04
   2.2778904e-04
   2.2626087e-04
   2.2484842e-04
   2.2363268e-04
   2.2240733e-04
   2.2117172e-04
   2.1998860e-04
   2.1885196e-04
   2.1788709e-04
   2.1714454e-04
   2.1649063e-04
   2.1594506e-04
   2.1572951e-04
   2.1582600e-04
   2.1640858e-04
   2.1748276e-04
   2.1849891e-04
   2.1938128e-04
   2.2006242e-04
   2.2044858e-04
   2.2084814e-04
   2.2125919e-04
   2.2164652e-04
   2.2202311e-04
   2.2209722e-04
   2.2178058e-04
   2.2129690e-04
   2.2060449e-04
   2.1937378e-04
   2.1764175e-04
   2.1510416e-04
   2.1175747e-04
   2.0852624e-04
   2.0553806e-04
   2.0291310e-04
   2.0081050e-04
   1.9870665e-04
   1.9660518e-04
   1.9456816e-04
   1.9257348e-04
   1.9111321e-04
   1.9033857e-04
   1.8985917e-04
   1.8974471e-04
   1.9058027e-04
   1.9230475e-04
   1.9542905e-04
   1.9996290e-04
   2.0431210e-04
   2.0823932e-04
   2.1164401e-04
   2.1425275e-04
   2.1675012e-04
   2.1913621e-04
   2.2119580e-04
   2.2294831e-04
   2.2397594e-04
   2.2410273e-04
   2.2381932e-04
   2.2306247e-04
   2.2099804e-04
   2.1768673e-04
   2.1253503e-04
   2.0551679e-04
   1.9861573e-04
   1.9214718e-04
   1.8610733e-04
   1.8083366e-04
   1.7572474e-04
   1.7077338e-04
   1.6636431e-04
   1.6249505e-04
   1.5920857e-04
   1.5662902e-04
   1.5435621e-04
   1.5240703e-04
   1.5160935e-04
   1.5193623e-04
   1.5381742e-04
   1.5729388e-04
   1.6075568e-04
   1.6393292e-04
   1.6693407e-04
   1.6949041e-04
   1.7190256e-04
   1.7418453e-04
   1.7594079e-04
   1.7716005e-04
   1.7816321e-04
   1.7892137e-04
   1.7961594e-04
   1.8028228e-04
   1.8038862e-04
   1.7992537e-04
   1.7876418e-04
   1.7686802e-04
   1.7495323e-04
   1.7315852e-04
   1.7131723e-04
   1.6954511e-04
   1.6792808e-04
   1.6645271e-04
   1.6539284e-04
   1.6477071e-04
   1.6403361e-04
   1.6311259e-04
   1.6209451e-04
   1.6090790e-04
   1.5962697e-04
   1.5829316e-04
   1.5670775e-04
   1.5489184e-04
   1.5321260e-04
   1.5170102e-04
   1.5052514e-04
   1.4975181e-04
   1.4895218e-04
   1.4813355e-04
   1.4722596e-04
   1.4620214e-04
   1.4565649e-04
   1.4572869e-04
   1.4609287e-04
   1.4682939e-04
   1.4834098e-04
   1.5056671e-04
   1.5395371e-04
   1.5850191e-04
   1.6289608e-04
   1.6693835e-04
   1.7055548e-04
   1.7352028e-04
   1.7636403e-04
   1.7908695e-04
   1.8148899e-04
   1.8358200e-04
   1.8509898e-04
   1.8590954e-04
   1.8637861e-04
   1.8646291e-04
   1.8551372e-04
   1.8356954e-04
   1.8020313e-04
   1.7538891e-04
   1.7059110e-04
   1.6605027e-04
   1.6170369e-04
   1.5779839e-04
   1.5400483e-04
   1.5031324e-04
   1.4706254e-04
   1.4426004e-04
   1.4171179e-04
   1.3946414e-04
   1.3731963e-04
   1.3526097e-04
   1.3380127e-04
   1.3294355e-04
   1.3285713e-04
   1.3357645e-04
   1.3431923e-04
   1.3494189e-04
   1.3558728e-04
   1.3612874e-04
   1.3654836e-04
   1.3685994e-04
   1.3679650e-04
   1.3634082e-04
   1.3596364e-04
   1.3571391e-04
   1.3555579e-04
   1.3555007e-04
   1.3555589e-04
   1.3554032e-04
   1.3563823e-04
   1.3582739e-04
   1.3593919e-04
   1.3597590e-04
   1.3575736e-04
   1.3525032e-04
   1.3484861e-04
   1.3454250e-04
   1.3445600e-04
   1.3461731e-04
   1.3437816e-04
   1.3360096e-04
   1.3258313e-04
   1.3123683e-04
   1.2924290e-04
   1.2666503e-04
   1.2306042e-04
   1.1843623e-04
   1.1401316e-04
   1.0995586e-04
   1.0644589e-04
   1.0369519e-04
   1.0098151e-04
   9.8310628e-05
   9.5757265e-05
   9.3290351e-05
   9.1600689e-05
   9.0896050e-05
   9.0649753e-05
   9.0959976e-05
   9.2607552e-05
   9.5510888e-05
   1.0035726e-04
   1.0716067e-04
   1.1378175e-04
   1.1989787e-04
   1.2540380e-04
   1.2993296e-04
   1.3434283e-04
   1.3863507e-04
   1.4249071e-04
   1.4592989e-04
   1.4851273e-04
   1.5002763e-04
   1.5107163e-04
   1.5157451e-04
   1.5048392e-04
   1.4786739e-04
   1.4301161e-04
   1.3587916e-04
   1.2888405e-04
   1.2240955e-04
   1.1644166e-04
   1.1138895e-04
   1.0652793e-04
   1.0184800e-04
   9.7817710e-05
   9.4433327e-05
   9.1732134e-05
   8.9859922e-05
   8.8339879e-05
   8.7189539e-05
   8.7395713e-05
   8.8924515e-05
   9.2291219e-05
   9.7542326e-05
   1.0275443e-04
   1.0761167e-04
   1.1219375e-04
   1.1617812e-04
   1.2002188e-04
   1.2373704e-04
   1.2690229e-04
   1.2951100e-04
   1.3174358e-04
   1.3352659e-04
   1.3514803e-04
   1.3662174e-04
   1.3725724e-04
   1.3706341e-04
   1.3575405e-04
   1.3329153e-04
   1.3084895e-04
   1.2861715e-04
   1.2655371e-04
   1.2485339e-04
   1.2320922e-04
   1.2161369e-04
   1.2030316e-04
   1.1927780e-04
   1.1849557e-04
   1.1801379e-04
   1.1762179e-04
   1.1731863e-04
   1.1755876e-04
   1.1832585e-04
   1.1985111e-04
   1.2215319e-04
   1.2436265e-04
   1.2634738e-04
   1.2806737e-04
   1.2937553e-04
   1.3063309e-04
   1.3184032e-04
   1.3288439e-04
   1.3377566e-04
   1.3428505e-04
   1.3431722e-04
   1.3414284e-04
   1.3372807e-04
   1.3261812e-04
   1.3085056e-04
   1.2808501e-04
   1.2431115e-04
   1.2064361e-04
   1.1724809e-04
   1.1420266e-04
   1.1169865e-04
   1.0923787e-04
   1.0682182e-04
   1.0458776e-04
   1.0252095e-04
   1.0096421e-04
   1.0005105e-04
   9.9416734e-05
   9.9112657e-05
   9.9744280e-05
   1.0126339e-04
   1.0412497e-04
   1.0834591e-04
   1.1243885e-04
   1.1617488e-04
   1.1951250e-04
   1.2219851e-04
   1.2477460e-04
   1.2724449e-04
   1.2936258e-04
   1.3113950e-04
   1.3237088e-04
   1.3292922e-04
   1.3319760e-04
   1.3314201e-04
   1.3205412e-04
   1.2997288e-04
   1.2646109e-04
   1.2149097e-04
   1.1660380e-04
   1.1205385e-04
   1.0777760e-04
   1.0403542e-04
   1.0047472e-04
   9.7085790e-05
   9.4220739e-05
   9.1886403e-05
   8.9895985e-05
   8.8302056e-05
   8.6882198e-05
   8.5619275e-05
   8.5072166e-05
   8.5240254e-05
   8.6316933e-05
   8.8337058e-05
   9.0418583e-05
   9.2397630e-05
   9.4432053e-05
   9.6376661e-05
   9.8206416e-05
   9.9933690e-05
   1.0125626e-04
   1.0215124e-04
   1.0314794e-04
   1.0430162e-04
   1.0555071e-04
   1.0696022e-04
   1.0840611e-04
   1.0984812e-04
   1.1144332e-04
   1.1316738e-04
   1.1476538e-04
   1.1621427e-04
   1.1739111e-04
   1.1824660e-04
   1.1907352e-04
   1.1986479e-04
   1.2066134e-04
   1.2147975e-04
   1.2192197e-04
   1.2189238e-04
   1.2160767e-04
   1.2101267e-04
   1.1983319e-04
   1.1810676e-04
   1.1554155e-04
   1.1213472e-04
   1.0875414e-04
   1.0553703e-04
   1.0248501e-04
   9.9747194e-05
   9.7067042e-05
   9.4441956e-05
   9.2048796e-05
   8.9888542e-05
   8.7954609e-05
   8.6295519e-05
   8.4763366e-05
   8.3364237e-05
   8.2422727e-05
   8.1933571e-05
   8.2054128e-05
   8.2803735e-05
   8.3589480e-05
   8.4314148e-05
   8.5018497e-05
   8.5605319e-05
   8.6192475e-05
   8.6786278e-05
   8.7246882e-05
   8.7571517e-05
   8.7865100e-05
   8.8116215e-05
   8.8390212e-05
   8.8698256e-05
   8.8856590e-05
   8.8863842e-05
   8.8663110e-05
   8.8243081e-05
   8.7869628e-05
   8.7583840e-05
   8.7385940e-05
   8.7319102e-05
   8.7286942e-05
   8.7287263e-05
   8.7359445e-05
   8.7499746e-05
   8.7750956e-05
   8.8136726e-05
   8.8574479e-05
   8.9069030e-05
   8.9765192e-05
   9.0651461e-05
   9.1820572e-05
   9.3275447e-05
   9.4683060e-05
   9.5987622e-05
   9.7194551e-05
   9.8245959e-05
   9.9228006e-05
   1.0014093e-04
   1.0091291e-04
   1.0154232e-04
   1.0204543e-04
   1.0240486e-04
   1.0268110e-04
   1.0287430e-04
   1.0284620e-04
   1.0259869e-04
   1.0207414e-04
   1.0126444e-04
   1.0041140e-04
   9.9560941e-05
   9.8665043e-05
   9.7764025e-05
   9.6877647e-05
   9.6002584e-05
   9.5229956e-05
   9.4567780e-05
   9.3843693e-05
   9.3038196e-05
   9.2179297e-05
   9.1246396e-05
   9.0267200e-05
   8.9257265e-05
   8.8154607e-05
   8.6968615e-05
   8.5817803e-05
   8.4712615e-05
   8.3719446e-05
   8.2861910e-05
   8.1985137e-05
   8.1094965e-05
   8.0158248e-05
   7.9167355e-05
   7.8359638e-05
   7.7788567e-05
   7.7349066e-05
   7.7075828e-05
   7.7084814e-05
   7.7353837e-05
   7.8053777e-05
   7.9182255e-05
   8.0291251e-05
   8.1331064e-05
   8.2176933e-05
   8.2751319e-05
   8.3442573e-05
   8.4245519e-05
   8.5194384e-05
   8.6311182e-05
   8.7099706e-05
   8.7436316e-05
   8.7613339e-05
   8.7561984e-05
   8.6904135e-05
   8.5694314e-05
   8.3517343e-05
   8.0373131e-05
   7.7466684e-05
   7.4962400e-05
   7.3021131e-05
   7.1849800e-05
   7.0759255e-05
   6.9751941e-05
   6.8911595e-05
   6.8206589e-05
   6.8270977e-05
   6.9301328e-05
   7.0771394e-05
   7.2767923e-05
   7.6086177e-05
   8.0645791e-05
   8.7104796e-05
   9.5477960e-05
   1.0364771e-04
   1.1127556e-04
   1.1835458e-04
   1.2452062e-04
   1.3041447e-04
   1.3604084e-04
   1.4098303e-04
   1.4524111e-04
   1.4877625e-04
   1.5145661e-04
   1.5369663e-04
   1.5547777e-04
   1.5593165e-04
   1.5508303e-04
   1.5249159e-04
   1.4811249e-04
   1.4360926e-04
   1.3926556e-04
   1.3494035e-04
   1.3091166e-04
   1.2693047e-04
   1.2298336e-04
   1.1950357e-04
   1.1651142e-04
   1.1357051e-04
   1.1068648e-04
   1.0776138e-04
   1.0475008e-04
   1.0207652e-04
   9.9765072e-05
   9.7871216e-05
   9.6431022e-05
   9.5028238e-05
   9.3603870e-05
   9.2155242e-05
   9.0619931e-05
   8.9186244e-05
   8.7859668e-05
   8.6608563e-05
   8.5444455e-05
   8.4212189e-05
   8.2861214e-05
   8.1549886e-05
   8.0259580e-05
   7.8754931e-05
   7.7067702e-05
   7.4979355e-05
   7.2493074e-05
   7.0278578e-05
   6.8416743e-05
   6.7084967e-05
   6.6400529e-05
   6.5803424e-05
   6.5301460e-05
   6.4852429e-05
   6.4423246e-05
   6.4725725e-05
   6.5942659e-05
   6.7605768e-05
   6.9808379e-05
   7.3183540e-05
   7.7646484e-05
   8.3811252e-05
   9.1679347e-05
   9.9352020e-05
   1.0653106e-04
   1.1315763e-04
   1.1890126e-04
   1.2442436e-04
   1.2972567e-04
   1.3446945e-04
   1.3866062e-04
   1.4209328e-04
   1.4461309e-04
   1.4666062e-04
   1.4819444e-04
   1.4836264e-04
   1.4720066e-04
   1.4420742e-04
   1.3934231e-04
   1.3438266e-04
   1.2962328e-04
   1.2495631e-04
   1.2067916e-04
   1.1644298e-04
   1.1223383e-04
   1.0848149e-04
   1.0519914e-04
   1.0206133e-04
   9.9103440e-05
   9.6143559e-05
   9.3150233e-05
   9.0667730e-05
   8.8708141e-05
   8.7420154e-05
   8.6843169e-05
   8.6240927e-05
   8.5491733e-05
   8.4663111e-05
   8.3638350e-05
   8.2555946e-05
   8.1427036e-05
   8.0082965e-05
   7.8523513e-05
   7.6881949e-05
   7.5145562e-05
   7.3417914e-05
   7.1717816e-05
   6.9786297e-05
   6.7629412e-05
   6.5159170e-05
   6.2365605e-05
   5.9666981e-05
   5.7133680e-05
   5.4764006e-05
