   1.9876572e-03
   8.4943647e-03
   2.2081039e-02
   4.0366268e-02
   6.3386012e-02
   8.5959896e-02
   1.0722565e-01
   1.2735769e-01
   1.4546365e-01
   1.6270263e-01
   1.7909429e-01
   1.9341353e-01
   2.0562194e-01
   2.1642422e-01
   2.2565265e-01
   2.3397188e-01
   2.4143845e-01
   2.4625839e-01
   2.4840358e-01
   2.4733516e-01
   2.4292142e-01
   2.3777784e-01
   2.3241567e-01
   2.2615090e-01
   2.1940555e-01
   2.1265963e-01
   2.0586195e-01
   2.0009708e-01
   1.9546824e-01
   1.8961852e-01
   1.8222150e-01
   1.7385331e-01
   1.6422370e-01
   1.5326292e-01
   1.4117502e-01
   1.2697261e-01
   1.1073874e-01
   9.4804692e-02
   7.9507265e-02
   6.5172285e-02
   5.2226818e-02
   3.9470048e-02
   2.6926658e-02
   1.4866315e-02
   3.2633029e-03
   6.9422931e-03
   1.5416381e-02
   2.2950620e-02
   2.9391435e-02
   3.3437486e-02
   3.5173599e-02
   3.3608357e-02
   2.8683724e-02
   2.3581617e-02
   1.8819618e-02
   1.4217004e-02
   1.0304000e-02
   6.4391916e-03
   2.5917605e-03
   4.6104970e-04
   2.7000901e-03
   4.7381760e-03
   6.5220312e-03
   8.3535742e-03
   1.0294472e-02
   1.1411177e-02
   1.1675728e-02
   1.0872183e-02
   8.9286974e-03
   7.0269728e-03
   5.3743816e-03
   3.7809068e-03
   2.4317392e-03
   1.2624319e-03
   2.5013228e-04
   2.6099929e-04
   2.5734013e-04
   2.5609193e-04
   2.9830821e-04
   4.1272440e-04
   6.6917357e-04
   7.9556473e-04
   7.7132814e-04
   6.5416239e-04
   4.2427831e-04
   1.9261943e-04
   1.0503310e-05
   2.3309021e-04
   4.5677559e-04
   6.3520130e-04
   7.6792309e-04
   8.0919664e-04
   7.5181705e-04
   7.0068394e-04
   6.6753605e-04
   6.4620618e-04
   6.5079023e-04
   6.4637494e-04
   6.2895156e-04
   6.1650932e-04
   6.0671948e-04
   5.9466862e-04
   5.8191676e-04
   5.6330002e-04
   5.3838927e-04
   5.1814376e-04
   5.0338088e-04
   4.9527679e-04
   4.9510657e-04
   4.9459507e-04
   4.9265779e-04
   4.9060986e-04
   4.8741768e-04
   4.8501035e-04
   4.8366948e-04
   4.8210776e-04
   4.8041221e-04
   4.7910221e-04
   4.7808638e-04
   4.7751826e-04
   4.7742040e-04
   4.7723052e-04
   4.7684548e-04
   4.7632408e-04
   4.7556958e-04
   4.7456577e-04
   4.7325494e-04
   4.7173892e-04
   4.6999072e-04
   4.6764937e-04
   4.6472136e-04
   4.6096018e-04
   4.5634498e-04
   4.5170060e-04
   4.4716127e-04
   4.4266960e-04
   4.3836129e-04
   4.3408178e-04
   4.2982172e-04
   4.2578477e-04
   4.2197609e-04
   4.1821755e-04
   4.1451762e-04
   4.1081041e-04
   4.0707718e-04
   4.0353979e-04
   4.0020593e-04
   3.9712219e-04
   3.9430529e-04
   3.9149180e-04
   3.8864213e-04
   3.8575913e-04
   3.8280171e-04
   3.7986908e-04
   3.7696448e-04
   3.7405397e-04
   3.7114251e-04
   3.6817738e-04
   3.6513431e-04
   3.6209833e-04
   3.5906378e-04
   3.5588933e-04
   3.5258910e-04
   3.4906015e-04
   3.4530165e-04
   3.4166290e-04
   3.3819560e-04
   3.3493772e-04
   3.3195045e-04
   3.2905466e-04
   3.2625235e-04
   3.2357603e-04
   3.2101931e-04
   3.1873750e-04
   3.1678349e-04
   3.1501258e-04
   3.1344647e-04
   3.1231537e-04
   3.1159879e-04
   3.1147321e-04
   3.1194419e-04
   3.1242695e-04
   3.1282420e-04
   3.1315670e-04
   3.1332396e-04
   3.1345696e-04
   3.1355805e-04
   3.1348912e-04
   3.1324591e-04
   3.1290671e-04
   3.1245172e-04
   3.1195981e-04
   3.1143710e-04
   3.1067298e-04
   3.0966420e-04
   3.0834634e-04
   3.0670348e-04
   3.0504574e-04
   3.0343437e-04
   3.0178010e-04
   3.0013214e-04
   2.9856175e-04
   2.9706109e-04
   2.9576648e-04
   2.9468998e-04
   2.9351795e-04
   2.9220453e-04
   2.9082465e-04
   2.8933748e-04
   2.8773124e-04
   2.8603162e-04
   2.8409870e-04
   2.8194208e-04
   2.7987693e-04
   2.7794019e-04
   2.7621283e-04
   2.7475067e-04
   2.7330577e-04
   2.7188066e-04
   2.7047074e-04
   2.6906227e-04
   2.6793886e-04
   2.6717634e-04
   2.6658321e-04
   2.6619775e-04
   2.6628698e-04
   2.6682004e-04
   2.6803908e-04
   2.6994852e-04
   2.7178631e-04
   2.7342655e-04
   2.7489514e-04
   2.7606132e-04
   2.7709572e-04
   2.7800224e-04
   2.7859936e-04
   2.7888220e-04
   2.7896117e-04
   2.7881347e-04
   2.7853551e-04
   2.7813724e-04
   2.7735701e-04
   2.7619048e-04
   2.7456519e-04
   2.7246199e-04
   2.7025366e-04
   2.6801657e-04
   2.6563590e-04
   2.6317218e-04
   2.6073136e-04
   2.5830602e-04
   2.5606843e-04
   2.5403739e-04
   2.5180771e-04
   2.4931917e-04
   2.4668930e-04
   2.4386856e-04
   2.4080933e-04
   2.3754873e-04
   2.3389927e-04
   2.2987414e-04
   2.2594577e-04
   2.2218511e-04
   2.1864071e-04
   2.1539827e-04
   2.1224522e-04
   2.0918541e-04
   2.0628544e-04
   2.0354220e-04
   2.0109095e-04
   1.9898729e-04
   1.9709635e-04
   1.9544130e-04
   1.9425503e-04
   1.9352412e-04
   1.9341480e-04
   1.9393731e-04
   1.9454748e-04
   1.9515771e-04
   1.9578765e-04
   1.9634573e-04
   1.9696255e-04
   1.9764092e-04
   1.9826097e-04
   1.9881938e-04
   1.9936907e-04
   1.9989138e-04
   2.0044349e-04
   2.0102663e-04
   2.0148800e-04
   2.0182636e-04
   2.0197121e-04
   2.0191233e-04
   2.0189680e-04
   2.0194893e-04
   2.0213625e-04
   2.0249755e-04
   2.0279803e-04
   2.0303749e-04
   2.0318089e-04
   2.0321070e-04
   2.0344323e-04
   2.0395309e-04
   2.0454758e-04
   2.0526674e-04
   2.0634936e-04
   2.0775486e-04
   2.0975223e-04
   2.1233659e-04
   2.1471622e-04
   2.1678236e-04
   2.1841005e-04
   2.1946042e-04
   2.2041355e-04
   2.2126378e-04
   2.2197026e-04
   2.2255382e-04
   2.2253212e-04
   2.2176199e-04
   2.2061087e-04
   2.1901157e-04
   2.1642120e-04
   2.1289784e-04
   2.0796730e-04
   2.0162107e-04
   1.9535152e-04
   1.8939065e-04
   1.8378242e-04
   1.7878419e-04
   1.7386645e-04
   1.6902886e-04
   1.6452715e-04
   1.6035574e-04
   1.5669650e-04
   1.5367302e-04
   1.5093601e-04
   1.4852088e-04
   1.4709099e-04
   1.4661531e-04
   1.4750570e-04
   1.4979183e-04
   1.5205342e-04
   1.5406752e-04
   1.5584770e-04
   1.5715658e-04
   1.5842503e-04
   1.5966203e-04
   1.6059679e-04
   1.6123421e-04
   1.6154572e-04
   1.6144538e-04
   1.6122301e-04
   1.6086894e-04
   1.5979375e-04
   1.5802059e-04
   1.5523543e-04
   1.5141221e-04
   1.4771778e-04
   1.4434208e-04
   1.4125059e-04
   1.3863919e-04
   1.3620325e-04
   1.3393537e-04
   1.3207992e-04
   1.3063723e-04
   1.2954551e-04
   1.2885999e-04
   1.2836744e-04
   1.2806329e-04
   1.2841852e-04
   1.2942087e-04
   1.3127765e-04
   1.3401172e-04
   1.3677128e-04
   1.3940436e-04
   1.4200525e-04
   1.4443010e-04
   1.4675640e-04
   1.4899063e-04
   1.5088638e-04
   1.5242819e-04
   1.5392863e-04
   1.5539969e-04
   1.5686650e-04
   1.5836428e-04
   1.5968330e-04
   1.6080201e-04
   1.6174578e-04
   1.6249194e-04
   1.6314281e-04
   1.6372702e-04
   1.6414871e-04
   1.6442009e-04
   1.6467549e-04
   1.6490723e-04
   1.6520678e-04
   1.6558572e-04
   1.6573766e-04
   1.6560712e-04
   1.6529587e-04
   1.6476255e-04
   1.6393291e-04
   1.6283272e-04
   1.6129844e-04
   1.5933604e-04
   1.5736218e-04
   1.5543319e-04
   1.5361419e-04
   1.5197902e-04
   1.5028378e-04
   1.4853288e-04
   1.4675183e-04
   1.4493316e-04
   1.4331393e-04
   1.4196312e-04
   1.4073370e-04
   1.3966342e-04
   1.3896019e-04
   1.3859992e-04
   1.3880791e-04
   1.3958677e-04
   1.4031184e-04
   1.4091443e-04
   1.4122638e-04
   1.4114159e-04
   1.4120105e-04
   1.4139925e-04
   1.4178711e-04
   1.4239697e-04
   1.4253589e-04
   1.4203251e-04
   1.4129939e-04
   1.4024211e-04
   1.3833111e-04
   1.3564561e-04
   1.3160070e-04
   1.2619880e-04
   1.2114094e-04
   1.1665799e-04
   1.1299635e-04
   1.1044971e-04
   1.0801165e-04
   1.0568831e-04
   1.0358137e-04
   1.0164462e-04
   1.0084552e-04
   1.0147701e-04
   1.0276654e-04
   1.0484717e-04
   1.0887346e-04
   1.1472574e-04
   1.2338154e-04
   1.3486138e-04
   1.4604793e-04
   1.5644743e-04
   1.6602758e-04
   1.7425262e-04
   1.8211241e-04
   1.8961377e-04
   1.9616318e-04
   2.0176566e-04
   2.0628103e-04
   2.0949741e-04
   2.1207316e-04
   2.1397100e-04
   2.1385294e-04
   2.1176390e-04
   2.0699848e-04
   1.9948964e-04
   1.9187170e-04
   1.8459809e-04
   1.7742119e-04
   1.7078148e-04
   1.6433878e-04
   1.5806877e-04
   1.5269118e-04
   1.4824111e-04
   1.4390406e-04
   1.3966755e-04
   1.3539965e-04
   1.3100951e-04
   1.2717453e-04
   1.2394517e-04
   1.2132760e-04
   1.1938594e-04
   1.1759676e-04
   1.1585082e-04
   1.1436279e-04
   1.1305791e-04
   1.1174233e-04
   1.1043507e-04
   1.0889285e-04
   1.0709335e-04
   1.0566805e-04
   1.0471791e-04
   1.0408243e-04
   1.0384690e-04
   1.0407282e-04
   1.0471708e-04
   1.0604553e-04
   1.0804856e-04
   1.1008894e-04
   1.1206694e-04
   1.1398658e-04
   1.1573727e-04
   1.1748096e-04
   1.1922101e-04
   1.2080386e-04
   1.2222566e-04
   1.2357149e-04
   1.2482154e-04
   1.2604015e-04
   1.2723173e-04
   1.2820450e-04
   1.2894863e-04
   1.2941990e-04
   1.2959862e-04
   1.2972044e-04
   1.2983470e-04
   1.2983179e-04
   1.2974566e-04
   1.2970107e-04
   1.2968680e-04
   1.2984019e-04
   1.3017413e-04
   1.3030303e-04
   1.3016135e-04
   1.2986519e-04
   1.2936266e-04
   1.2858458e-04
   1.2756369e-04
   1.2609873e-04
   1.2419885e-04
   1.2235575e-04
   1.2063025e-04
   1.1912903e-04
   1.1793865e-04
   1.1670730e-04
   1.1543936e-04
   1.1413870e-04
   1.1278831e-04
   1.1177787e-04
   1.1121324e-04
   1.1083962e-04
   1.1071221e-04
   1.1118525e-04
   1.1221664e-04
   1.1415077e-04
   1.1699246e-04
   1.1970498e-04
   1.2213622e-04
   1.2421528e-04
   1.2576486e-04
   1.2724155e-04
   1.2864620e-04
   1.2984254e-04
   1.3084481e-04
   1.3136756e-04
   1.3129428e-04
   1.3094956e-04
   1.3029089e-04
   1.2877253e-04
   1.2643529e-04
   1.2288739e-04
   1.1811221e-04
   1.1341712e-04
   1.0901075e-04
   1.0488719e-04
   1.0126906e-04
   9.7768366e-05
   9.4380376e-05
   9.1362959e-05
   8.8715394e-05
   8.6449643e-05
   8.4644276e-05
   8.3043732e-05
   8.1657119e-05
   8.1021409e-05
   8.1120735e-05
   8.2226558e-05
   8.4366160e-05
   8.6511994e-05
   8.8490853e-05
   9.0378490e-05
   9.2003597e-05
   9.3545748e-05
   9.5014001e-05
   9.6151431e-05
   9.6949522e-05
   9.7634270e-05
   9.8192320e-05
   9.8723629e-05
   9.9253090e-05
   9.9464049e-05
   9.9348299e-05
   9.8838770e-05
   9.7912834e-05
   9.6969730e-05
   9.6083470e-05
   9.5179799e-05
   9.4322953e-05
   9.3519002e-05
   9.2761809e-05
   9.2180681e-05
   9.1784543e-05
   9.1353277e-05
   9.0864904e-05
   9.0336285e-05
   8.9739638e-05
   8.9139847e-05
   8.8550440e-05
   8.7920894e-05
   8.7259569e-05
   8.6629016e-05
   8.6037021e-05
   8.5496278e-05
   8.5018847e-05
   8.4572020e-05
   8.4155905e-05
   8.3782940e-05
   8.3452368e-05
   8.3175799e-05
   8.2959817e-05
   8.2788260e-05
   8.2663427e-05
   8.2617632e-05
   8.2651757e-05
   8.2775640e-05
   8.2992976e-05
   8.3252405e-05
   8.3537448e-05
   8.3904889e-05
   8.4347040e-05
   8.4765857e-05
   8.5165282e-05
   8.5479167e-05
   8.5697987e-05
   8.6046141e-05
   8.6565139e-05
   8.7167690e-05
   8.7882909e-05
   8.8785076e-05
   8.9851241e-05
   9.1220716e-05
   9.2887528e-05
   9.4485693e-05
   9.5969368e-05
   9.7254632e-05
   9.8276542e-05
   9.9306132e-05
   1.0033914e-04
   1.0137855e-04
   1.0243760e-04
   1.0320154e-04
   1.0358581e-04
   1.0379561e-04
   1.0378687e-04
   1.0327531e-04
   1.0229549e-04
   1.0057077e-04
   9.8097818e-05
   9.5713485e-05
   9.3542456e-05
   9.1634217e-05
   9.0132353e-05
   8.8686452e-05
   8.7295904e-05
   8.6080172e-05
   8.5029801e-05
   8.4340826e-05
   8.4101192e-05
   8.4062912e-05
   8.4256175e-05
   8.5110846e-05
   8.6598252e-05
   8.9011902e-05
   9.2366917e-05
   9.5666705e-05
   9.8748949e-05
   1.0164267e-04
   1.0417906e-04
   1.0660718e-04
   1.0893261e-04
   1.1093666e-04
   1.1261644e-04
   1.1405514e-04
   1.1521177e-04
   1.1624147e-04
   1.1714995e-04
   1.1756892e-04
   1.1750184e-04
   1.1680273e-04
   1.1544993e-04
   1.1406153e-04
   1.1274742e-04
   1.1142701e-04
   1.1020258e-04
   1.0903296e-04
   1.0791143e-04
   1.0702087e-04
   1.0637262e-04
   1.0571013e-04
   1.0501616e-04
   1.0429351e-04
   1.0351221e-04
   1.0278943e-04
   1.0214198e-04
   1.0153181e-04
   1.0097227e-04
   1.0046755e-04
   1.0001836e-04
   9.9633148e-05
   9.9315290e-05
   9.9066153e-05
   9.8886076e-05
   9.8788038e-05
   9.8772931e-05
   9.8814043e-05
   9.8909094e-05
   9.9057651e-05
   9.9255967e-05
   9.9522789e-05
   9.9864318e-05
   1.0025223e-04
   1.0069267e-04
   1.0121394e-04
   1.0179639e-04
   1.0259178e-04
   1.0360655e-04
   1.0452286e-04
   1.0534931e-04
   1.0593949e-04
   1.0626631e-04
   1.0693740e-04
   1.0807476e-04
   1.0940626e-04
   1.1101121e-04
   1.1316448e-04
   1.1580186e-04
   1.1933523e-04
   1.2375263e-04
   1.2792505e-04
   1.3170304e-04
   1.3488519e-04
   1.3727343e-04
   1.3959597e-04
   1.4184464e-04
   1.4397735e-04
   1.4602771e-04
   1.4723825e-04
   1.4739090e-04
   1.4703834e-04
   1.4607512e-04
   1.4369828e-04
   1.3999560e-04
   1.3425105e-04
   1.2645157e-04
   1.1883452e-04
   1.1174798e-04
   1.0524570e-04
   9.9711997e-05
   9.4373661e-05
   8.9227122e-05
   8.4667538e-05
   8.0685989e-05
   7.7502501e-05
   7.5291049e-05
   7.3539440e-05
   7.2290944e-05
   7.2532084e-05
   7.4218964e-05
   7.7932732e-05
   8.3717595e-05
   8.9509815e-05
   9.4972073e-05
   1.0018809e-04
   1.0481127e-04
   1.0932813e-04
   1.1375184e-04
   1.1762358e-04
   1.2093510e-04
   1.2390093e-04
   1.2644698e-04
   1.2886161e-04
   1.3116078e-04
   1.3263130e-04
   1.3327714e-04
   1.3281537e-04
   1.3120370e-04
   1.2961395e-04
   1.2823491e-04
   1.2701928e-04
   1.2615925e-04
   1.2534691e-04
   1.2457207e-04
   1.2406976e-04
   1.2383775e-04
   1.2382962e-04
   1.2410119e-04
   1.2443325e-04
   1.2482221e-04
   1.2573465e-04
   1.2715221e-04
   1.2930724e-04
   1.3221788e-04
   1.3499027e-04
   1.3748285e-04
   1.3968134e-04
   1.4143388e-04
   1.4305312e-04
   1.4454060e-04
   1.4574963e-04
   1.4668580e-04
   1.4722970e-04
   1.4730462e-04
   1.4714947e-04
   1.4674549e-04
   1.4565158e-04
   1.4389445e-04
   1.4120023e-04
   1.3755414e-04
   1.3392715e-04
   1.3047901e-04
   1.2718631e-04
   1.2421505e-04
   1.2131640e-04
   1.1848725e-04
   1.1593662e-04
   1.1366839e-04
   1.1162519e-04
   1.0985373e-04
   1.0819045e-04
   1.0663422e-04
   1.0556464e-04
   1.0497734e-04
   1.0503502e-04
   1.0576060e-04
   1.0649436e-04
   1.0712090e-04
   1.0772411e-04
   1.0819594e-04
   1.0858883e-04
   1.0891227e-04
   1.0897082e-04
   1.0875533e-04
   1.0853773e-04
   1.0833416e-04
   1.0816735e-04
   1.0807177e-04
   1.0787565e-04
   1.0756264e-04
   1.0716844e-04
   1.0667554e-04
   1.0615620e-04
   1.0564339e-04
   1.0500330e-04
   1.0424496e-04
   1.0360205e-04
   1.0306643e-04
   1.0277003e-04
   1.0273350e-04
   1.0247413e-04
   1.0190071e-04
   1.0119701e-04
   1.0029848e-04
   9.9046843e-05
   9.7487250e-05
   9.5327588e-05
   9.2577123e-05
   8.9996277e-05
   8.7680957e-05
   8.5784594e-05
   8.4439861e-05
   8.3118085e-05
   8.1824488e-05
   8.0570106e-05
   7.9328274e-05
   7.8675166e-05
   7.8769569e-05
   7.9213949e-05
   8.0087760e-05
   8.1951070e-05
   8.4737992e-05
   8.8971163e-05
   9.4657477e-05
   1.0018762e-04
   1.0531596e-04
   1.0997404e-04
   1.1388498e-04
   1.1766425e-04
   1.2131298e-04
   1.2457462e-04
   1.2746098e-04
   1.2970090e-04
   1.3114641e-04
   1.3221951e-04
   1.3287477e-04
   1.3234560e-04
   1.3067535e-04
   1.2737114e-04
   1.2240266e-04
   1.1747060e-04
   1.1285101e-04
   1.0849385e-04
   1.0468622e-04
   1.0099754e-04
   9.7418463e-05
   9.4315730e-05
   9.1694085e-05
   8.9429533e-05
   8.7594224e-05
   8.5926379e-05
   8.4419743e-05
   8.3688796e-05
   8.3725771e-05
   8.4793951e-05
   8.6928131e-05
   8.9069681e-05
   9.1044808e-05
   9.2909771e-05
   9.4489630e-05
   9.6026377e-05
   9.7528568e-05
   9.8764923e-05
   9.9732541e-05
   1.0054306e-04
   1.0115999e-04
   1.0173795e-04
   1.0228722e-04
   1.0243655e-04
   1.0219255e-04
   1.0139783e-04
   1.0003416e-04
   9.8738474e-05
   9.7607982e-05
   9.6664542e-05
   9.6014665e-05
   9.5400945e-05
   9.4821942e-05
   9.4361908e-05
   9.4012772e-05
   9.3930387e-05
   9.4182237e-05
   9.4567728e-05
   9.5108937e-05
   9.6145379e-05
   9.7648872e-05
   9.9866539e-05
   1.0280570e-04
   1.0564286e-04
   1.0825280e-04
   1.1059024e-04
   1.1251356e-04
   1.1436363e-04
   1.1613983e-04
   1.1772704e-04
   1.1913383e-04
   1.2015943e-04
   1.2071495e-04
   1.2105218e-04
   1.2114055e-04
   1.2054494e-04
   1.1929590e-04
   1.1709143e-04
   1.1391755e-04
   1.1079511e-04
   1.0788854e-04
   1.0518445e-04
   1.0285655e-04
   1.0061908e-04
   9.8467983e-05
   9.6612304e-05
   9.5053037e-05
   9.3767802e-05
   9.2811521e-05
   9.1999532e-05
   9.1334873e-05
   9.1220957e-05
   9.1648526e-05
   9.2808983e-05
   9.4723882e-05
   9.6650294e-05
   9.8462364e-05
   1.0021993e-04
   1.0179947e-04
   1.0332292e-04
   1.0479707e-04
   1.0603343e-04
   1.0702517e-04
   1.0794869e-04
   1.0879708e-04
   1.0963602e-04
   1.1048509e-04
   1.1112293e-04
   1.1154247e-04
   1.1170225e-04
   1.1158598e-04
   1.1145822e-04
   1.1136696e-04
   1.1126748e-04
