   1.1702446e-03
   9.3028740e-03
   2.2886319e-02
   4.1179087e-02
   6.4217118e-02
   8.6805446e-02
   1.0807986e-01
   1.2821253e-01
   1.4630858e-01
   1.6353609e-01
   1.7991470e-01
   1.9421862e-01
   2.0640986e-01
   2.1718428e-01
   2.2637153e-01
   2.3464328e-01
   2.4205489e-01
   2.4680205e-01
   2.4885778e-01
   2.4767443e-01
   2.4312015e-01
   2.3783861e-01
   2.3234562e-01
   2.2595710e-01
   2.1909997e-01
   2.1224615e-01
   2.0534442e-01
   1.9948517e-01
   1.9477168e-01
   1.8884669e-01
   1.8138541e-01
   1.7295886e-01
   1.6327698e-01
   1.5228122e-01
   1.4017541e-01
   1.2597745e-01
   1.0977102e-01
   9.3867012e-02
   7.8598651e-02
   6.4294140e-02
   5.1377175e-02
   3.8648882e-02
   2.6134182e-02
   1.4096877e-02
   2.5109389e-03
   7.6759007e-03
   1.6129166e-02
   2.3640110e-02
   3.0054273e-02
   3.4074860e-02
   3.5787202e-02
   3.4199127e-02
   2.9253095e-02
   2.4129411e-02
   1.9345266e-02
   1.4721272e-02
   1.0787508e-02
   6.9010917e-03
   3.0313503e-03
   4.5486649e-05
   2.3103487e-03
   4.3725884e-03
   6.1782838e-03
   8.0302467e-03
   9.9896176e-03
   1.1122272e-02
   1.1400411e-02
   1.0606561e-02
   8.6688532e-03
   6.7725770e-03
   5.1256351e-03
   3.5378281e-03
   2.1949243e-03
   1.0316960e-03
   2.5220201e-05
   4.7943269e-04
   4.6864226e-04
   4.6048281e-04
   4.9601052e-04
   6.0415304e-04
   8.5484418e-04
   9.7520631e-04
   9.4461031e-04
   8.2075907e-04
   5.8378438e-04
   3.4520260e-04
   1.3545238e-04
   9.3780692e-05
   3.2405433e-04
   5.0865561e-04
   6.4717100e-04
   6.9352102e-04
   6.4046955e-04
   5.9390541e-04
   5.6574014e-04
   5.4952170e-04
   5.5948470e-04
   5.6089117e-04
   5.4966200e-04
   5.4427399e-04
   5.4238725e-04
   5.3790990e-04
   5.3224574e-04
   5.2009466e-04
   5.0082783e-04
   4.8602931e-04
   4.7652140e-04
   4.7336026e-04
   4.7785033e-04
   4.8124993e-04
   4.8231700e-04
   4.8280116e-04
   4.8160505e-04
   4.7997884e-04
   4.7826381e-04
   4.7465943e-04
   4.6923517e-04
   4.6421746e-04
   4.5980124e-04
   4.5606171e-04
   4.5331402e-04
   4.5064817e-04
   4.4795293e-04
   4.4570455e-04
   4.4382148e-04
   4.4199268e-04
   4.4020241e-04
   4.3836388e-04
   4.3642342e-04
   4.3457619e-04
   4.3284361e-04
   4.3111882e-04
   4.2942433e-04
   4.2784123e-04
   4.2635805e-04
   4.2512209e-04
   4.2415078e-04
   4.2314259e-04
   4.2210428e-04
   4.2092936e-04
   4.1959401e-04
   4.1860744e-04
   4.1807541e-04
   4.1776319e-04
   4.1773791e-04
   4.1824907e-04
   4.1924699e-04
   4.2106538e-04
   4.2369907e-04
   4.2620371e-04
   4.2843879e-04
   4.3033573e-04
   4.3172996e-04
   4.3302683e-04
   4.3422449e-04
   4.3519003e-04
   4.3593269e-04
   4.3621408e-04
   4.3593206e-04
   4.3535637e-04
   4.3444844e-04
   4.3274468e-04
   4.3027589e-04
   4.2671129e-04
   4.2203426e-04
   4.1733623e-04
   4.1278757e-04
   4.0839504e-04
   4.0434351e-04
   4.0027969e-04
   3.9620015e-04
   3.9230325e-04
   3.8858625e-04
   3.8511898e-04
   3.8197685e-04
   3.7893731e-04
   3.7601753e-04
   3.7365828e-04
   3.7184105e-04
   3.7083088e-04
   3.7064745e-04
   3.7037685e-04
   3.6988553e-04
   3.6912494e-04
   3.6794289e-04
   3.6674021e-04
   3.6552057e-04
   3.6417145e-04
   3.6270831e-04
   3.6087149e-04
   3.5855798e-04
   3.5607039e-04
   3.5337288e-04
   3.4996624e-04
   3.4589305e-04
   3.4078559e-04
   3.3463269e-04
   3.2865940e-04
   3.2305705e-04
   3.1785958e-04
   3.1327723e-04
   3.0887143e-04
   3.0464050e-04
   3.0079118e-04
   2.9731609e-04
   2.9437373e-04
   2.9206905e-04
   2.9008208e-04
   2.8843912e-04
   2.8773916e-04
   2.8795109e-04
   2.8943008e-04
   2.9220062e-04
   2.9498077e-04
   2.9754942e-04
   3.0001289e-04
   3.0215419e-04
   3.0415365e-04
   3.0602106e-04
   3.0740828e-04
   3.0829838e-04
   3.0906290e-04
   3.0970027e-04
   3.1029497e-04
   3.1088783e-04
   3.1111387e-04
   3.1094908e-04
   3.1037734e-04
   3.0936413e-04
   3.0823370e-04
   3.0706375e-04
   3.0566599e-04
   3.0408806e-04
   3.0257565e-04
   3.0111449e-04
   2.9992274e-04
   2.9902645e-04
   2.9777897e-04
   2.9606891e-04
   2.9410626e-04
   2.9180584e-04
   2.8902815e-04
   2.8582983e-04
   2.8186874e-04
   2.7715964e-04
   2.7256705e-04
   2.6820597e-04
   2.6422201e-04
   2.6076773e-04
   2.5731294e-04
   2.5386399e-04
   2.5046996e-04
   2.4710936e-04
   2.4430012e-04
   2.4219555e-04
   2.4042272e-04
   2.3905725e-04
   2.3864748e-04
   2.3913698e-04
   2.4102009e-04
   2.4430832e-04
   2.4748573e-04
   2.5032675e-04
   2.5275223e-04
   2.5450388e-04
   2.5620449e-04
   2.5785652e-04
   2.5924139e-04
   2.6037575e-04
   2.6092484e-04
   2.6073556e-04
   2.6023833e-04
   2.5938082e-04
   2.5741639e-04
   2.5439592e-04
   2.4979987e-04
   2.4360334e-04
   2.3754664e-04
   2.3190164e-04
   2.2668699e-04
   2.2219763e-04
   2.1785441e-04
   2.1365112e-04
   2.0989823e-04
   2.0658778e-04
   2.0385736e-04
   2.0183443e-04
   2.0012228e-04
   1.9874747e-04
   1.9847770e-04
   1.9927668e-04
   2.0158989e-04
   2.0544911e-04
   2.0925345e-04
   2.1274215e-04
   2.1596069e-04
   2.1863885e-04
   2.2118909e-04
   2.2361957e-04
   2.2559157e-04
   2.2710148e-04
   2.2824232e-04
   2.2894079e-04
   2.2946106e-04
   2.2980669e-04
   2.2937584e-04
   2.2818007e-04
   2.2594891e-04
   2.2265056e-04
   2.1935668e-04
   2.1624379e-04
   2.1326044e-04
   2.1058514e-04
   2.0796873e-04
   2.0540394e-04
   2.0312453e-04
   2.0113413e-04
   1.9932894e-04
   1.9774890e-04
   1.9623335e-04
   1.9477389e-04
   1.9375476e-04
   1.9316986e-04
   1.9318299e-04
   1.9381409e-04
   1.9440238e-04
   1.9484458e-04
   1.9513807e-04
   1.9517303e-04
   1.9517717e-04
   1.9515384e-04
   1.9499520e-04
   1.9470670e-04
   1.9420824e-04
   1.9344566e-04
   1.9259585e-04
   1.9164701e-04
   1.9027390e-04
   1.8849730e-04
   1.8611485e-04
   1.8311646e-04
   1.8022045e-04
   1.7754311e-04
   1.7507973e-04
   1.7295296e-04
   1.7095196e-04
   1.6907430e-04
   1.6746222e-04
   1.6611504e-04
   1.6503902e-04
   1.6427872e-04
   1.6368000e-04
   1.6324641e-04
   1.6329901e-04
   1.6382745e-04
   1.6498613e-04
   1.6679079e-04
   1.6862872e-04
   1.7038694e-04
   1.7215942e-04
   1.7384298e-04
   1.7543821e-04
   1.7695171e-04
   1.7817775e-04
   1.7910054e-04
   1.8005843e-04
   1.8108301e-04
   1.8214043e-04
   1.8327091e-04
   1.8437769e-04
   1.8543307e-04
   1.8653466e-04
   1.8766409e-04
   1.8867677e-04
   1.8956464e-04
   1.9022001e-04
   1.9061358e-04
   1.9098406e-04
   1.9132524e-04
   1.9169236e-04
   1.9210122e-04
   1.9218839e-04
   1.9186995e-04
   1.9134378e-04
   1.9056139e-04
   1.8927598e-04
   1.8752267e-04
   1.8504256e-04
   1.8183334e-04
   1.7868183e-04
   1.7572073e-04
   1.7290465e-04
   1.7036867e-04
   1.6797798e-04
   1.6572679e-04
   1.6382679e-04
   1.6228629e-04
   1.6090063e-04
   1.5967657e-04
   1.5854582e-04
   1.5748572e-04
   1.5674533e-04
   1.5633948e-04
   1.5628061e-04
   1.5659286e-04
   1.5703551e-04
   1.5753763e-04
   1.5831404e-04
   1.5932856e-04
   1.6023596e-04
   1.6104962e-04
   1.6152654e-04
   1.6163134e-04
   1.6216223e-04
   1.6326535e-04
   1.6463070e-04
   1.6636099e-04
   1.6872165e-04
   1.7163475e-04
   1.7557416e-04
   1.8052265e-04
   1.8520904e-04
   1.8945605e-04
   1.9308894e-04
   1.9588385e-04
   1.9854447e-04
   2.0106404e-04
   2.0333425e-04
   2.0538176e-04
   2.0658836e-04
   2.0675456e-04
   2.0639515e-04
   2.0542102e-04
   2.0303457e-04
   1.9930762e-04
   1.9359799e-04
   1.8588461e-04
   1.7823689e-04
   1.7098923e-04
   1.6410373e-04
   1.5793356e-04
   1.5193309e-04
   1.4609348e-04
   1.4086097e-04
   1.3624170e-04
   1.3211013e-04
   1.2856158e-04
   1.2526802e-04
   1.2222691e-04
   1.2020473e-04
   1.1919502e-04
   1.1952031e-04
   1.2122798e-04
   1.2300752e-04
   1.2463180e-04
   1.2625778e-04
   1.2767095e-04
   1.2899682e-04
   1.3025250e-04
   1.3106464e-04
   1.3141551e-04
   1.3179383e-04
   1.3222422e-04
   1.3274801e-04
   1.3342436e-04
   1.3394071e-04
   1.3426880e-04
   1.3444876e-04
   1.3445046e-04
   1.3443106e-04
   1.3443127e-04
   1.3434142e-04
   1.3418220e-04
   1.3409085e-04
   1.3405926e-04
   1.3419213e-04
   1.3450194e-04
   1.3466122e-04
   1.3461236e-04
   1.3445372e-04
   1.3414005e-04
   1.3360776e-04
   1.3288006e-04
   1.3179820e-04
   1.3036540e-04
   1.2897489e-04
   1.2768292e-04
   1.2651299e-04
   1.2553207e-04
   1.2457844e-04
   1.2364993e-04
   1.2280966e-04
   1.2205264e-04
   1.2144552e-04
   1.2102384e-04
   1.2068338e-04
   1.2043461e-04
   1.2046520e-04
   1.2076566e-04
   1.2144808e-04
   1.2252112e-04
   1.2358120e-04
   1.2455602e-04
   1.2550060e-04
   1.2634740e-04
   1.2711074e-04
   1.2779568e-04
   1.2827152e-04
   1.2852989e-04
   1.2877493e-04
   1.2902406e-04
   1.2926661e-04
   1.2952753e-04
   1.2973051e-04
   1.2985965e-04
   1.2996927e-04
   1.3004756e-04
   1.3003851e-04
   1.2994697e-04
   1.2968336e-04
   1.2923575e-04
   1.2879111e-04
   1.2834482e-04
   1.2796298e-04
   1.2766025e-04
   1.2711678e-04
   1.2626523e-04
   1.2525926e-04
   1.2405717e-04
   1.2249034e-04
   1.2059123e-04
   1.1814434e-04
   1.1515305e-04
   1.1223756e-04
   1.0949217e-04
   1.0695397e-04
   1.0473151e-04
   1.0257657e-04
   1.0049059e-04
   9.8569500e-05
   9.6809365e-05
   9.5334650e-05
   9.4206595e-05
   9.3262689e-05
   9.2524575e-05
   9.2283764e-05
   9.2523960e-05
   9.3441592e-05
   9.5048797e-05
   9.6687228e-05
   9.8253126e-05
   9.9753388e-05
   1.0107729e-04
   1.0241925e-04
   1.0378259e-04
   1.0503876e-04
   1.0618839e-04
   1.0722724e-04
   1.0811743e-04
   1.0897950e-04
   1.0980849e-04
   1.1035061e-04
   1.1061364e-04
   1.1046126e-04
   1.0988083e-04
   1.0936446e-04
   1.0898621e-04
   1.0875728e-04
   1.0875894e-04
   1.0880279e-04
   1.0888547e-04
   1.0908063e-04
   1.0938162e-04
   1.0987410e-04
   1.1060300e-04
   1.1142287e-04
   1.1234503e-04
   1.1362494e-04
   1.1524416e-04
   1.1736708e-04
   1.2000071e-04
   1.2256291e-04
   1.2495644e-04
   1.2719918e-04
   1.2919113e-04
   1.3107039e-04
   1.3283907e-04
   1.3436512e-04
   1.3564550e-04
   1.3673831e-04
   1.3761955e-04
   1.3838393e-04
   1.3903615e-04
   1.3934573e-04
   1.3931340e-04
   1.3885779e-04
   1.3796422e-04
   1.3700574e-04
   1.3605690e-04
   1.3501988e-04
   1.3395618e-04
   1.3294249e-04
   1.3197220e-04
   1.3120601e-04
   1.3065989e-04
   1.2998026e-04
   1.2911790e-04
   1.2816015e-04
   1.2706322e-04
   1.2581616e-04
   1.2445041e-04
   1.2281061e-04
   1.2090971e-04
   1.1910707e-04
   1.1744831e-04
   1.1601735e-04
   1.1487936e-04
   1.1377574e-04
   1.1271065e-04
   1.1169054e-04
   1.1070332e-04
   1.1003181e-04
   1.0975526e-04
   1.0967687e-04
   1.0983611e-04
   1.1051688e-04
   1.1168954e-04
   1.1360217e-04
   1.1626124e-04
   1.1888129e-04
   1.2133149e-04
   1.2364983e-04
   1.2570214e-04
   1.2764389e-04
   1.2947990e-04
   1.3101391e-04
   1.3223904e-04
   1.3330847e-04
   1.3420708e-04
   1.3501243e-04
   1.3573938e-04
   1.3614428e-04
   1.3621823e-04
   1.3591273e-04
   1.3520766e-04
   1.3440194e-04
   1.3355758e-04
   1.3256983e-04
   1.3148574e-04
   1.3040797e-04
   1.2932900e-04
   1.2839318e-04
   1.2761615e-04
   1.2664000e-04
   1.2540898e-04
   1.2403080e-04
   1.2246070e-04
   1.2064408e-04
   1.1861243e-04
   1.1619689e-04
   1.1340708e-04
   1.1067533e-04
   1.0806849e-04
   1.0561267e-04
   1.0338529e-04
   1.0122518e-04
   9.9133984e-05
   9.7189377e-05
   9.5390725e-05
   9.3793503e-05
   9.2435297e-05
   9.1217599e-05
   9.0152194e-05
   8.9431575e-05
   8.9050232e-05
   8.9116834e-05
   8.9642876e-05
   9.0238743e-05
   9.0835244e-05
   9.1491947e-05
   9.2144695e-05
   9.2799257e-05
   9.3461112e-05
   9.4002269e-05
   9.4413705e-05
   9.4906482e-05
   9.5501901e-05
   9.6169952e-05
   9.6935205e-05
   9.7757003e-05
   9.8617867e-05
   9.9580641e-05
   1.0063527e-04
   1.0166024e-04
   1.0263640e-04
   1.0354781e-04
   1.0437060e-04
   1.0515499e-04
   1.0589904e-04
   1.0657881e-04
   1.0719371e-04
   1.0772390e-04
   1.0815645e-04
   1.0852220e-04
   1.0881663e-04
   1.0897588e-04
   1.0899958e-04
   1.0886017e-04
   1.0855186e-04
   1.0818911e-04
   1.0779972e-04
   1.0731617e-04
   1.0675652e-04
   1.0622031e-04
   1.0570295e-04
   1.0529128e-04
   1.0499684e-04
   1.0455860e-04
   1.0393008e-04
   1.0321264e-04
   1.0237343e-04
   1.0132736e-04
   1.0010059e-04
   9.8540096e-05
   9.6652048e-05
   9.4852012e-05
   9.3200483e-05
   9.1742546e-05
   9.0551678e-05
   8.9424378e-05
   8.8362344e-05
   8.7414854e-05
   8.6575560e-05
   8.5994088e-05
   8.5725986e-05
   8.5621608e-05
   8.5702961e-05
   8.6217359e-05
   8.7146845e-05
   8.8666715e-05
   9.0785737e-05
   9.2909353e-05
   9.4934124e-05
   9.6916196e-05
   9.8754593e-05
   1.0051451e-04
   1.0220074e-04
   1.0364163e-04
   1.0482717e-04
   1.0596958e-04
   1.0707702e-04
   1.0816149e-04
   1.0924633e-04
   1.1019798e-04
   1.1100001e-04
   1.1167767e-04
   1.1221498e-04
   1.1265362e-04
   1.1300940e-04
   1.1321020e-04
   1.1325940e-04
   1.1327080e-04
   1.1323946e-04
   1.1322660e-04
   1.1324212e-04
   1.1305396e-04
   1.1261602e-04
   1.1203045e-04
   1.1126728e-04
   1.1022028e-04
   1.0891030e-04
   1.0720097e-04
   1.0509350e-04
   1.0298978e-04
   1.0096094e-04
   9.8969201e-05
   9.7084652e-05
   9.5275234e-05
   9.3538480e-05
   9.2001137e-05
   9.0672216e-05
   8.9377470e-05
   8.8106451e-05
   8.6865951e-05
   8.5637082e-05
   8.4499390e-05
   8.3469907e-05
   8.2503896e-05
   8.1615300e-05
   8.0844858e-05
   8.0185460e-05
   7.9738742e-05
   7.9515508e-05
   7.9313720e-05
   7.9140025e-05
   7.8916421e-05
   7.8627400e-05
   7.8636290e-05
   7.9020232e-05
   7.9602218e-05
   8.0429815e-05
   8.1702682e-05
   8.3384771e-05
   8.5720398e-05
   8.8707290e-05
   9.1631466e-05
   9.4379376e-05
   9.6942610e-05
   9.9197002e-05
   1.0136046e-04
   1.0343437e-04
   1.0527252e-04
   1.0687460e-04
   1.0823702e-04
   1.0931531e-04
   1.1025160e-04
   1.1104067e-04
   1.1137591e-04
   1.1126204e-04
   1.1056278e-04
   1.0925873e-04
   1.0790364e-04
   1.0660520e-04
   1.0522697e-04
   1.0385965e-04
   1.0259900e-04
   1.0143400e-04
   1.0059763e-04
   1.0011080e-04
   9.9470893e-05
   9.8608998e-05
   9.7638988e-05
   9.6497454e-05
   9.5186734e-05
   9.3750760e-05
   9.1970407e-05
   8.9864995e-05
   8.7916800e-05
   8.6178587e-05
   8.4810459e-05
   8.3899869e-05
   8.3001522e-05
   8.2123024e-05
   8.1225540e-05
   8.0283747e-05
   7.9865754e-05
   8.0114962e-05
   8.0683579e-05
   8.1648821e-05
   8.3474081e-05
   8.6099631e-05
   8.9983685e-05
   9.5131108e-05
   1.0014363e-04
   1.0479933e-04
   1.0909225e-04
   1.1278194e-04
   1.1628968e-04
   1.1961999e-04
   1.2249061e-04
   1.2490203e-04
   1.2684974e-04
   1.2824996e-04
   1.2937432e-04
   1.3021388e-04
   1.3018888e-04
   1.2931193e-04
   1.2731179e-04
   1.2415538e-04
   1.2091346e-04
   1.1778170e-04
   1.1458384e-04
   1.1149727e-04
   1.0853268e-04
   1.0567524e-04
   1.0328953e-04
   1.0140213e-04
   9.9390165e-05
   9.7190657e-05
   9.4873936e-05
   9.2364380e-05
   8.9816626e-05
   8.7280725e-05
   8.4567290e-05
   8.1708025e-05
   7.9006536e-05
   7.6485024e-05
   7.4331017e-05
   7.2604634e-05
   7.0876853e-05
   6.9159484e-05
   6.7364651e-05
   6.5466466e-05
   6.4100695e-05
   6.3414396e-05
   6.3077499e-05
   6.3177493e-05
   6.4116837e-05
   6.5834883e-05
   6.8788417e-05
   7.2978973e-05
   7.7072685e-05
   8.0865159e-05
   8.4314491e-05
   8.7191349e-05
   8.9970396e-05
   9.2654387e-05
   9.5009220e-05
   9.7041557e-05
   9.8610334e-05
   9.9610664e-05
   1.0034688e-04
   1.0079169e-04
   1.0036289e-04
   9.9085862e-05
   9.6617672e-05
   9.2931426e-05
   8.9244158e-05
   8.5756688e-05
   8.2404993e-05
   7.9393112e-05
   7.6463363e-05
   7.3606988e-05
   7.1109018e-05
   6.8976897e-05
   6.7025697e-05
   6.5287330e-05
   6.3619341e-05
   6.2004963e-05
   6.0835761e-05
   6.0115829e-05
   5.9972424e-05
   6.0431685e-05
   6.0915980e-05
   6.1330786e-05
   6.1715699e-05
   6.1977505e-05
   6.2243896e-05
   6.2522000e-05
   6.2684679e-05
   6.2732267e-05
   6.2735487e-05
   6.2675160e-05
   6.2652894e-05
   6.2677989e-05
   6.2514446e-05
   6.2167714e-05
   6.1547282e-05
   6.0641632e-05
   5.9854824e-05
   5.9260896e-05
   5.8803656e-05
   5.8550447e-05
   5.8484101e-05
   5.8598831e-05
   5.9023404e-05
   5.9764058e-05
   6.0625297e-05
   6.1593817e-05
   6.2646758e-05
   6.3756775e-05
   6.5057709e-05
   6.6560575e-05
   6.8227734e-05
   7.0072029e-05
   7.2032159e-05
   7.4063696e-05
   7.6362369e-05
   7.8918218e-05
   8.1350155e-05
   8.3666176e-05
   8.5664254e-05
   8.7307201e-05
   8.9351975e-05
   9.1943879e-05
   9.4755391e-05
   9.7882693e-05
   1.0163709e-04
   1.0593924e-04
   1.1127504e-04
   1.1762817e-04
   1.2366143e-04
   1.2918912e-04
   1.3401603e-04
   1.3790644e-04
   1.4162617e-04
   1.4516686e-04
   1.4842941e-04
   1.5144415e-04
   1.5350289e-04
   1.5438374e-04
   1.5465847e-04
   1.5422627e-04
   1.5221423e-04
   1.4870521e-04
   1.4298011e-04
   1.3501835e-04
   1.2712409e-04
   1.1966765e-04
   1.1262605e-04
