   3.3018072e-02
   1.6887701e-02
   5.1973262e-03
   3.6143566e-02
   7.6041985e-02
   1.1531760e-01
   1.5236660e-01
   1.8762166e-01
   2.1944140e-01
   2.4978208e-01
   2.7869057e-01
   3.0382160e-01
   3.2509175e-01
   3.4416428e-01
   3.6080561e-01
   3.7607857e-01
   3.9013610e-01
   3.9984810e-01
   4.0513010e-01
   4.0521393e-01
   3.9985518e-01
   3.9322057e-01
   3.8614278e-01
   3.7738698e-01
   3.6761679e-01
   3.5784355e-01
   3.4797434e-01
   3.3983993e-01
   3.3362159e-01
   3.2510850e-01
   3.1368658e-01
   3.0046367e-01
   2.8491438e-01
   2.6673057e-01
   2.4627508e-01
   2.2169984e-01
   1.9313824e-01
   1.6506900e-01
   1.3814697e-01
   1.1290242e-01
   9.0147197e-02
   6.7725587e-02
   4.5674374e-02
   2.4574229e-02
   4.3834170e-03
   1.3384146e-02
   2.8149232e-02
   4.1312091e-02
   5.2619771e-02
   5.9704871e-02
   6.2708333e-02
   5.9902477e-02
   5.1177252e-02
   4.2153097e-02
   3.3746729e-02
   2.5620088e-02
   1.8708066e-02
   1.1904841e-02
   5.1543565e-03
   1.6170386e-04
   4.0083599e-03
   7.5130112e-03
   1.0590897e-02
   1.3762107e-02
   1.7142739e-02
   1.9095449e-02
   1.9569104e-02
   1.8203801e-02
   1.4873578e-02
   1.1614083e-02
   8.7842176e-03
   6.0513155e-03
   3.7344523e-03
   1.7316834e-03
   3.9217008e-06
   8.5345670e-04
   8.1605373e-04
   7.8568109e-04
   8.3476896e-04
   1.0105462e-03
   1.4348048e-03
   1.6384761e-03
   1.5856538e-03
   1.3790643e-03
   9.8457289e-04
   5.8708110e-04
   2.3801908e-04
   1.4538084e-04
   5.3245863e-04
   8.4119914e-04
   1.0706862e-03
   1.1433941e-03
   1.0468119e-03
   9.6127607e-04
   9.0718943e-04
   8.7321706e-04
   8.8360650e-04
   8.7975616e-04
   8.5475891e-04
   8.4015717e-04
   8.3204207e-04
   8.1958967e-04
   8.0510476e-04
   7.7986101e-04
   7.4274186e-04
   7.1313666e-04
   6.9248799e-04
   6.8229949e-04
   6.8477267e-04
   6.8598894e-04
   6.8402263e-04
   6.8150407e-04
   6.7670209e-04
   6.7208422e-04
   6.6816116e-04
   6.6240239e-04
   6.5492687e-04
   6.4807485e-04
   6.4194405e-04
   6.3673326e-04
   6.3273394e-04
   6.2867910e-04
   6.2439520e-04
   6.2031295e-04
   6.1628444e-04
   6.1213233e-04
   6.0781786e-04
   6.0331490e-04
   5.9857189e-04
   5.9349284e-04
   5.8808948e-04
   5.8215825e-04
   5.7569681e-04
   5.6925494e-04
   5.6293140e-04
   5.5663127e-04
   5.5044672e-04
   5.4441143e-04
   5.3851597e-04
   5.3297247e-04
   5.2779777e-04
   5.2258297e-04
   5.1727585e-04
   5.1197253e-04
   5.0662410e-04
   5.0123289e-04
   4.9583894e-04
   4.9025976e-04
   4.8451427e-04
   4.7901873e-04
   4.7382227e-04
   4.6905519e-04
   4.6479420e-04
   4.6067696e-04
   4.5671060e-04
   4.5287220e-04
   4.4914216e-04
   4.4597201e-04
   4.4347837e-04
   4.4137400e-04
   4.3971976e-04
   4.3890636e-04
   4.3888539e-04
   4.4002595e-04
   4.4233240e-04
   4.4465433e-04
   4.4680192e-04
   4.4880304e-04
   4.5045836e-04
   4.5204025e-04
   4.5355112e-04
   4.5472539e-04
   4.5555373e-04
   4.5616252e-04
   4.5650937e-04
   4.5673423e-04
   4.5684263e-04
   4.5645771e-04
   4.5557267e-04
   4.5405508e-04
   4.5187607e-04
   4.4960149e-04
   4.4732674e-04
   4.4497723e-04
   4.4264247e-04
   4.4026579e-04
   4.3783750e-04
   4.3551332e-04
   4.3329917e-04
   4.3098911e-04
   4.2857080e-04
   4.2603230e-04
   4.2334861e-04
   4.2063472e-04
   4.1790056e-04
   4.1513581e-04
   4.1235029e-04
   4.0948903e-04
   4.0655067e-04
   4.0349779e-04
   4.0032352e-04
   3.9714078e-04
   3.9394956e-04
   3.9079242e-04
   3.8768090e-04
   3.8441724e-04
   3.8095946e-04
   3.7742464e-04
   3.7379024e-04
   3.6992000e-04
   3.6584125e-04
   3.6139616e-04
   3.5659023e-04
   3.5190159e-04
   3.4740274e-04
   3.4314271e-04
   3.3920717e-04
   3.3536947e-04
   3.3163339e-04
   3.2805648e-04
   3.2463334e-04
   3.2153583e-04
   3.1882904e-04
   3.1634059e-04
   3.1409665e-04
   3.1238595e-04
   3.1118805e-04
   3.1070960e-04
   3.1096111e-04
   3.1124826e-04
   3.1145276e-04
   3.1162823e-04
   3.1165707e-04
   3.1164202e-04
   3.1158861e-04
   3.1130853e-04
   3.1079295e-04
   3.1024048e-04
   3.0965028e-04
   3.0906440e-04
   3.0850419e-04
   3.0777975e-04
   3.0687717e-04
   3.0579106e-04
   3.0450252e-04
   3.0317004e-04
   3.0183185e-04
   3.0038925e-04
   2.9886473e-04
   2.9738823e-04
   2.9595185e-04
   2.9466616e-04
   2.9354424e-04
   2.9225025e-04
   2.9072523e-04
   2.8908088e-04
   2.8727267e-04
   2.8522104e-04
   2.8295503e-04
   2.8029511e-04
   2.7724809e-04
   2.7427316e-04
   2.7143323e-04
   2.6879290e-04
   2.6643284e-04
   2.6409636e-04
   2.6178599e-04
   2.5953918e-04
   2.5734655e-04
   2.5543500e-04
   2.5387564e-04
   2.5249488e-04
   2.5132654e-04
   2.5063298e-04
   2.5038887e-04
   2.5082377e-04
   2.5194361e-04
   2.5304141e-04
   2.5401376e-04
   2.5481237e-04
   2.5531661e-04
   2.5584054e-04
   2.5638402e-04
   2.5685830e-04
   2.5727253e-04
   2.5741958e-04
   2.5721851e-04
   2.5688410e-04
   2.5638419e-04
   2.5536351e-04
   2.5385047e-04
   2.5156895e-04
   2.4850912e-04
   2.4555149e-04
   2.4282314e-04
   2.4039357e-04
   2.3841217e-04
   2.3646211e-04
   2.3454280e-04
   2.3275210e-04
   2.3107450e-04
   2.2981655e-04
   2.2908988e-04
   2.2858505e-04
   2.2834578e-04
   2.2887165e-04
   2.3011933e-04
   2.3247241e-04
   2.3594295e-04
   2.3927727e-04
   2.4228013e-04
   2.4492331e-04
   2.4699258e-04
   2.4892591e-04
   2.5072629e-04
   2.5217659e-04
   2.5328381e-04
   2.5391216e-04
   2.5396080e-04
   2.5373937e-04
   2.5322423e-04
   2.5182790e-04
   2.4957931e-04
   2.4613559e-04
   2.4147217e-04
   2.3682940e-04
   2.3241855e-04
   2.2815071e-04
   2.2423550e-04
   2.2046752e-04
   2.1683801e-04
   2.1366638e-04
   2.1096619e-04
   2.0844144e-04
   2.0610466e-04
   2.0385399e-04
   2.0165825e-04
   1.9988018e-04
   1.9853550e-04
   1.9768117e-04
   1.9734676e-04
   1.9712615e-04
   1.9694041e-04
   1.9689812e-04
   1.9693565e-04
   1.9698823e-04
   1.9706438e-04
   1.9700662e-04
   1.9680094e-04
   1.9678218e-04
   1.9699556e-04
   1.9736945e-04
   1.9794583e-04
   1.9871869e-04
   1.9966269e-04
   2.0089969e-04
   2.0241967e-04
   2.0394352e-04
   2.0542489e-04
   2.0686429e-04
   2.0821065e-04
   2.0952390e-04
   2.1080290e-04
   2.1197395e-04
   2.1303192e-04
   2.1402964e-04
   2.1496094e-04
   2.1583523e-04
   2.1665426e-04
   2.1735729e-04
   2.1793558e-04
   2.1838609e-04
   2.1869928e-04
   2.1891106e-04
   2.1902802e-04
   2.1902010e-04
   2.1889005e-04
   2.1867223e-04
   2.1836289e-04
   2.1798724e-04
   2.1754780e-04
   2.1695588e-04
   2.1619324e-04
   2.1530137e-04
   2.1426898e-04
   2.1304800e-04
   2.1164592e-04
   2.1001360e-04
   2.0815065e-04
   2.0621810e-04
   2.0425147e-04
   2.0219703e-04
   2.0008337e-04
   1.9797983e-04
   1.9588449e-04
   1.9388839e-04
   1.9200371e-04
   1.9000412e-04
   1.8785505e-04
   1.8563427e-04
   1.8331548e-04
   1.8085521e-04
   1.7827868e-04
   1.7546291e-04
   1.7241784e-04
   1.6946307e-04
   1.6664110e-04
   1.6402701e-04
   1.6167976e-04
   1.5937021e-04
   1.5710427e-04
   1.5488406e-04
   1.5270048e-04
   1.5081911e-04
   1.4931301e-04
   1.4801137e-04
   1.4695274e-04
   1.4637839e-04
   1.4626096e-04
   1.4683266e-04
   1.4809759e-04
   1.4935537e-04
   1.5050126e-04
   1.5150009e-04
   1.5223197e-04
   1.5297870e-04
   1.5374081e-04
   1.5441414e-04
   1.5500499e-04
   1.5536919e-04
   1.5543825e-04
   1.5539908e-04
   1.5522767e-04
   1.5459534e-04
   1.5352309e-04
   1.5178036e-04
   1.4935525e-04
   1.4700853e-04
   1.4485452e-04
   1.4292120e-04
   1.4133666e-04
   1.3980231e-04
   1.3831551e-04
   1.3698945e-04
   1.3581574e-04
   1.3494009e-04
   1.3443457e-04
   1.3408615e-04
   1.3391691e-04
   1.3430070e-04
   1.3521180e-04
   1.3690306e-04
   1.3938608e-04
   1.4179954e-04
   1.4400770e-04
   1.4600124e-04
   1.4763345e-04
   1.4918875e-04
   1.5066959e-04
   1.5192071e-04
   1.5294549e-04
   1.5367759e-04
   1.5405298e-04
   1.5427311e-04
   1.5432513e-04
   1.5381610e-04
   1.5276355e-04
   1.5094609e-04
   1.4834651e-04
   1.4577466e-04
   1.4336769e-04
   1.4106974e-04
   1.3901716e-04
   1.3706794e-04
   1.3521567e-04
   1.3366595e-04
   1.3242597e-04
   1.3131480e-04
   1.3034407e-04
   1.2942997e-04
   1.2855256e-04
   1.2797618e-04
   1.2770890e-04
   1.2779990e-04
   1.2826966e-04
   1.2879236e-04
   1.2929866e-04
   1.2990651e-04
   1.3056418e-04
   1.3114999e-04
   1.3167268e-04
   1.3196807e-04
   1.3201909e-04
   1.3223802e-04
   1.3268822e-04
   1.3326025e-04
   1.3400769e-04
   1.3496601e-04
   1.3609986e-04
   1.3760527e-04
   1.3946954e-04
   1.4123658e-04
   1.4285314e-04
   1.4419590e-04
   1.4518359e-04
   1.4618718e-04
   1.4720117e-04
   1.4824156e-04
   1.4932798e-04
   1.5001554e-04
   1.5018876e-04
   1.5012524e-04
   1.4976333e-04
   1.4872839e-04
   1.4706789e-04
   1.4440878e-04
   1.4074725e-04
   1.3720786e-04
   1.3396041e-04
   1.3105893e-04
   1.2869657e-04
   1.2643053e-04
   1.2425981e-04
   1.2235784e-04
   1.2071493e-04
   1.1954118e-04
   1.1894298e-04
   1.1862072e-04
   1.1860869e-04
   1.1944101e-04
   1.2108505e-04
   1.2389571e-04
   1.2789259e-04
   1.3186728e-04
   1.3562717e-04
   1.3918241e-04
   1.4232816e-04
   1.4541919e-04
   1.4845983e-04
   1.5121410e-04
   1.5368190e-04
   1.5585193e-04
   1.5765365e-04
   1.5930740e-04
   1.6080341e-04
   1.6167784e-04
   1.6194545e-04
   1.6135499e-04
   1.5988423e-04
   1.5843761e-04
   1.5715078e-04
   1.5605438e-04
   1.5529921e-04
   1.5452383e-04
   1.5372517e-04
   1.5302796e-04
   1.5242138e-04
   1.5210532e-04
   1.5216919e-04
   1.5235504e-04
   1.5269289e-04
   1.5362171e-04
   1.5510616e-04
   1.5747181e-04
   1.6072874e-04
   1.6381454e-04
   1.6657707e-04
   1.6890974e-04
   1.7063069e-04
   1.7228445e-04
   1.7386867e-04
   1.7528756e-04
   1.7656232e-04
   1.7723106e-04
   1.7714034e-04
   1.7670151e-04
   1.7584926e-04
   1.7394355e-04
   1.7104635e-04
   1.6663223e-04
   1.6068915e-04
   1.5489510e-04
   1.4950523e-04
   1.4460008e-04
   1.4046791e-04
   1.3644124e-04
   1.3251991e-04
   1.2895453e-04
   1.2573034e-04
   1.2319209e-04
   1.2150649e-04
   1.2020329e-04
   1.1933768e-04
   1.1974035e-04
   1.2135794e-04
   1.2475345e-04
   1.2995618e-04
   1.3505993e-04
   1.3976209e-04
   1.4407146e-04
   1.4766507e-04
   1.5111751e-04
   1.5443646e-04
   1.5725408e-04
   1.5957301e-04
   1.6135464e-04
   1.6248211e-04
   1.6333140e-04
   1.6388672e-04
   1.6337229e-04
   1.6181515e-04
   1.5880290e-04
   1.5429911e-04
   1.4982581e-04
   1.4562867e-04
   1.4166701e-04
   1.3819585e-04
   1.3480574e-04
   1.3148778e-04
   1.2855307e-04
   1.2600214e-04
   1.2378215e-04
   1.2196961e-04
   1.2029113e-04
   1.1874703e-04
   1.1793453e-04
   1.1783713e-04
   1.1874301e-04
   1.2068137e-04
   1.2254191e-04
   1.2414445e-04
   1.2552342e-04
   1.2649352e-04
   1.2734906e-04
   1.2809776e-04
   1.2851096e-04
   1.2858949e-04
   1.2838077e-04
   1.2782960e-04
   1.2715065e-04
   1.2634739e-04
   1.2495482e-04
   1.2298693e-04
   1.2023268e-04
   1.1667015e-04
   1.1315732e-04
   1.0984713e-04
   1.0664441e-04
   1.0369375e-04
   1.0091708e-04
   9.8306611e-05
   9.6113014e-05
   9.4350449e-05
   9.2696182e-05
   9.1137650e-05
   8.9636358e-05
   8.8153577e-05
   8.6926759e-05
   8.5976849e-05
   8.5274583e-05
   8.4844202e-05
   8.4547733e-05
   8.4335107e-05
   8.4387033e-05
   8.4684510e-05
   8.4923830e-05
   8.5115711e-05
   8.5074590e-05
   8.4771598e-05
   8.4857556e-05
   8.5454263e-05
   8.6306155e-05
   8.7498057e-05
   8.9254913e-05
   9.1514361e-05
   9.4665766e-05
   9.8696469e-05
   1.0256193e-04
   1.0611723e-04
   1.0921856e-04
   1.1168241e-04
   1.1409007e-04
   1.1643598e-04
   1.1863391e-04
   1.2070586e-04
   1.2213641e-04
   1.2276104e-04
   1.2299890e-04
   1.2277512e-04
   1.2144523e-04
   1.1906874e-04
   1.1511343e-04
   1.0956308e-04
   1.0411001e-04
   9.9020044e-05
   9.4304825e-05
   9.0252936e-05
   8.6328584e-05
   8.2526306e-05
   7.9166277e-05
   7.6245068e-05
   7.3833786e-05
   7.2043624e-05
   7.0532518e-05
   6.9320511e-05
   6.9101566e-05
   6.9851167e-05
   7.1948052e-05
   7.5425698e-05
   7.8904947e-05
   8.2162333e-05
   8.5246645e-05
   8.7927387e-05
   9.0552043e-05
   9.3129698e-05
   9.5367260e-05
   9.7262143e-05
   9.8910774e-05
   1.0025487e-04
   1.0151143e-04
   1.0268592e-04
   1.0327792e-04
   1.0329692e-04
   1.0251779e-04
   1.0091455e-04
   9.9372128e-05
   9.8029504e-05
   9.6883074e-05
   9.6079833e-05
   9.5330549e-05
   9.4630270e-05
   9.4131287e-05
   9.3827886e-05
   9.3794509e-05
   9.4096114e-05
   9.4518252e-05
   9.5072990e-05
   9.6165633e-05
   9.7772332e-05
   1.0013838e-04
   1.0327691e-04
   1.0631414e-04
   1.0911211e-04
   1.1165623e-04
   1.1379739e-04
   1.1583573e-04
   1.1777286e-04
   1.1945857e-04
   1.2089729e-04
   1.2199237e-04
   1.2267230e-04
   1.2315966e-04
   1.2343797e-04
   1.2308541e-04
   1.2212373e-04
   1.2030443e-04
   1.1761055e-04
   1.1493959e-04
   1.1244362e-04
   1.1006491e-04
   1.0795533e-04
   1.0595316e-04
   1.0405214e-04
   1.0247864e-04
   1.0124089e-04
   1.0014743e-04
   9.9213209e-05
   9.8343397e-05
   9.7517544e-05
   9.7030357e-05
   9.6890587e-05
   9.7156949e-05
   9.7852292e-05
   9.8606522e-05
   9.9341748e-05
   1.0018755e-04
   1.0108514e-04
   1.0190467e-04
   1.0265565e-04
   1.0315625e-04
   1.0338750e-04
   1.0380059e-04
   1.0446489e-04
   1.0525683e-04
   1.0623449e-04
   1.0744397e-04
   1.0884659e-04
   1.1065560e-04
   1.1285788e-04
   1.1494444e-04
   1.1685006e-04
   1.1847174e-04
   1.1971900e-04
   1.2093471e-04
   1.2211488e-04
   1.2324135e-04
   1.2433008e-04
   1.2502564e-04
   1.2522609e-04
   1.2518709e-04
   1.2485882e-04
   1.2386866e-04
   1.2225496e-04
   1.1969402e-04
   1.1617739e-04
   1.1272759e-04
   1.0951104e-04
   1.0650037e-04
   1.0387002e-04
   1.0137005e-04
   9.8994818e-05
   9.6976694e-05
   9.5319727e-05
   9.3915916e-05
   9.2803372e-05
   9.1834103e-05
   9.0999715e-05
   9.0668899e-05
   9.0842692e-05
   9.1647452e-05
   9.3107774e-05
   9.4645829e-05
   9.6150467e-05
   9.7753618e-05
   9.9360778e-05
   1.0089833e-04
   1.0237594e-04
   1.0356858e-04
   1.0445591e-04
   1.0549623e-04
   1.0674919e-04
   1.0811453e-04
   1.0964843e-04
   1.1133954e-04
   1.1314916e-04
   1.1525737e-04
   1.1764733e-04
   1.1991339e-04
   1.2199863e-04
   1.2383860e-04
   1.2535917e-04
   1.2678424e-04
   1.2811034e-04
   1.2929528e-04
   1.3034609e-04
   1.3107922e-04
   1.3143232e-04
   1.3156251e-04
   1.3144232e-04
   1.3081922e-04
   1.2971131e-04
   1.2793416e-04
   1.2547771e-04
   1.2295992e-04
   1.2049141e-04
   1.1798984e-04
   1.1555978e-04
   1.1318234e-04
   1.1085113e-04
   1.0876916e-04
   1.0695149e-04
   1.0507988e-04
   1.0312637e-04
   1.0112626e-04
   9.9043501e-05
   9.6966881e-05
   9.4925020e-05
   9.2824987e-05
   9.0686061e-05
   8.8659926e-05
   8.6760129e-05
   8.5080186e-05
   8.3651926e-05
   8.2269863e-05
   8.0941516e-05
   7.9628033e-05
   7.8318525e-05
   7.7318186e-05
   7.6699157e-05
   7.6302243e-05
   7.6170172e-05
   7.6502023e-05
   7.7269820e-05
   7.8692113e-05
   8.0770829e-05
   8.2862030e-05
   8.4864087e-05
   8.6775672e-05
   8.8486119e-05
   9.0185545e-05
   9.1875721e-05
   9.3425578e-05
   9.4834091e-05
   9.6106230e-05
   9.7206482e-05
   9.8239668e-05
   9.9200782e-05
   9.9858217e-05
   1.0021545e-04
   1.0015721e-04
   9.9669613e-05
   9.9176435e-05
   9.8743396e-05
   9.8361428e-05
   9.8099775e-05
   9.7831458e-05
   9.7552966e-05
   9.7341743e-05
   9.7195933e-05
   9.7125452e-05
   9.7153879e-05
   9.7204561e-05
   9.7280743e-05
   9.7534051e-05
   9.7956057e-05
   9.8642563e-05
   9.9597877e-05
   1.0050051e-04
   1.0131126e-04
   1.0195696e-04
   1.0238271e-04
   1.0284116e-04
   1.0332921e-04
   1.0386326e-04
   1.0445750e-04
   1.0479492e-04
   1.0479432e-04
   1.0465635e-04
   1.0433800e-04
   1.0357277e-04
   1.0239860e-04
   1.0053497e-04
   9.7982657e-05
   9.5571688e-05
   9.3417215e-05
   9.1628911e-05
   9.0350547e-05
   8.9114416e-05
   8.7923885e-05
   8.6838865e-05
   8.5839695e-05
   8.5358084e-05
   8.5528883e-05
   8.5998733e-05
   8.6828225e-05
   8.8553629e-05
   9.1121448e-05
   9.4981444e-05
   1.0014408e-04
   1.0517786e-04
   1.0985931e-04
   1.1415788e-04
   1.1782798e-04
   1.2135945e-04
   1.2475482e-04
   1.2776000e-04
   1.3038058e-04
   1.3248226e-04
   1.3395463e-04
   1.3512720e-04
   1.3597359e-04
   1.3585712e-04
   1.3480602e-04
   1.3244924e-04
   1.2875832e-04
   1.2506014e-04
   1.2157364e-04
   1.1823460e-04
   1.1526596e-04
   1.1237685e-04
   1.0955825e-04
   1.0711639e-04
   1.0505844e-04
   1.0320328e-04
   1.0159055e-04
   1.0004966e-04
   9.8564389e-05
   9.7582948e-05
   9.7107151e-05
   9.7290942e-05
   9.8162979e-05
   9.9035131e-05
   9.9790488e-05
   1.0049518e-04
   1.0103714e-04
   1.0152240e-04
   1.0195916e-04
   1.0217435e-04
   1.0216296e-04
   1.0209537e-04
   1.0196737e-04
   1.0184551e-04
   1.0175075e-04
   1.0147101e-04
   1.0100281e-04
   1.0030276e-04
   9.9357918e-05
   9.8438008e-05
   9.7590965e-05
   9.6789825e-05
