   2.8215650e-02
   1.2852786e-02
   8.2939347e-03
   3.8102609e-02
   7.6657257e-02
   1.1454781e-01
   1.5021341e-01
   1.8398911e-01
   2.1426124e-01
   2.4313582e-01
   2.7065481e-01
   2.9460115e-01
   3.1490965e-01
   3.3286357e-01
   3.4816387e-01
   3.6201325e-01
   3.7451703e-01
   3.8244054e-01
   3.8573782e-01
   3.8342138e-01
   3.7525778e-01
   3.6598908e-01
   3.5652441e-01
   3.4573768e-01
   3.3439483e-01
   3.2313176e-01
   3.1186067e-01
   3.0243435e-01
   2.9501719e-01
   2.8578952e-01
   2.7425018e-01
   2.6122215e-01
   2.4623463e-01
   2.2939531e-01
   2.1102283e-01
   1.8963349e-01
   1.6536839e-01
   1.4155831e-01
   1.1867453e-01
   9.7249693e-02
   7.7898398e-02
   5.8799273e-02
   3.9992094e-02
   2.1824035e-02
   4.2517758e-03
   1.1203033e-02
   2.4026839e-02
   3.5413799e-02
   4.5118450e-02
   5.1222726e-02
   5.3858947e-02
   5.1516694e-02
   4.4111864e-02
   3.6437027e-02
   2.9269597e-02
   2.2344494e-02
   1.6460376e-02
   1.0639749e-02
   4.8359030e-03
   2.1673511e-04
   3.1899774e-03
   6.2943658e-03
   9.0141756e-03
   1.1805909e-02
   1.4760530e-02
   1.6473789e-02
   1.6903807e-02
   1.5722407e-02
   1.2821271e-02
   9.9834212e-03
   7.5213982e-03
   5.1483399e-03
   3.1434782e-03
   1.4094540e-03
   8.8503395e-05
   8.3085797e-04
   7.9723460e-04
   7.6965938e-04
   8.1061873e-04
   9.6236354e-04
   1.3305633e-03
   1.5066735e-03
   1.4595067e-03
   1.2779058e-03
   9.3208813e-04
   5.8398288e-04
   2.7846749e-04
   5.6773462e-05
   3.9494475e-04
   6.6460974e-04
   8.6505648e-04
   9.2842240e-04
   8.4383724e-04
   7.6925712e-04
   7.2263260e-04
   6.9382247e-04
   7.0408689e-04
   7.0267174e-04
   6.8350659e-04
   6.7457716e-04
   6.7248496e-04
   6.6649077e-04
   6.5841046e-04
   6.4063537e-04
   6.1197639e-04
   5.8974821e-04
   5.7522336e-04
   5.6945163e-04
   5.7436143e-04
   5.7783578e-04
   5.7812869e-04
   5.7777606e-04
   5.7526714e-04
   5.7224465e-04
   5.6916611e-04
   5.6359929e-04
   5.5561980e-04
   5.4819067e-04
   5.4156877e-04
   5.3576205e-04
   5.3117734e-04
   5.2674627e-04
   5.2230273e-04
   5.1855262e-04
   5.1539027e-04
   5.1206450e-04
   5.0847795e-04
   5.0466399e-04
   5.0050108e-04
   4.9606940e-04
   4.9142571e-04
   4.8619522e-04
   4.8040691e-04
   4.7481417e-04
   4.6949473e-04
   4.6468954e-04
   4.6053209e-04
   4.5633741e-04
   4.5211376e-04
   4.4780664e-04
   4.4337629e-04
   4.3966982e-04
   4.3689792e-04
   4.3456349e-04
   4.3278314e-04
   4.3220123e-04
   4.3272983e-04
   4.3504494e-04
   4.3915080e-04
   4.4304217e-04
   4.4642104e-04
   4.4916450e-04
   4.5092795e-04
   4.5255474e-04
   4.5404616e-04
   4.5511561e-04
   4.5578577e-04
   4.5558559e-04
   4.5430452e-04
   4.5253286e-04
   4.5019783e-04
   4.4627700e-04
   4.4083825e-04
   4.3318298e-04
   4.2327501e-04
   4.1348426e-04
   4.0419681e-04
   3.9534299e-04
   3.8732438e-04
   3.7955058e-04
   3.7200876e-04
   3.6521960e-04
   3.5919082e-04
   3.5372286e-04
   3.4891290e-04
   3.4439769e-04
   3.4016448e-04
   3.3708104e-04
   3.3514050e-04
   3.3468851e-04
   3.3577707e-04
   3.3695426e-04
   3.3796587e-04
   3.3898564e-04
   3.3977434e-04
   3.4046659e-04
   3.4107933e-04
   3.4119797e-04
   3.4080102e-04
   3.4042729e-04
   3.4010203e-04
   3.3987225e-04
   3.3980208e-04
   3.3953894e-04
   3.3905083e-04
   3.3837746e-04
   3.3748432e-04
   3.3655738e-04
   3.3564295e-04
   3.3461817e-04
   3.3350736e-04
   3.3245859e-04
   3.3146175e-04
   3.3063707e-04
   3.2999749e-04
   3.2917545e-04
   3.2810832e-04
   3.2689230e-04
   3.2547586e-04
   3.2381666e-04
   3.2194076e-04
   3.1967505e-04
   3.1702615e-04
   3.1439021e-04
   3.1181307e-04
   3.0938751e-04
   3.0718241e-04
   3.0489770e-04
   3.0253700e-04
   3.0009330e-04
   2.9755188e-04
   2.9525819e-04
   2.9330056e-04
   2.9148323e-04
   2.8985651e-04
   2.8867207e-04
   2.8789365e-04
   2.8781332e-04
   2.8843091e-04
   2.8893100e-04
   2.8921557e-04
   2.8910268e-04
   2.8845240e-04
   2.8788460e-04
   2.8739332e-04
   2.8700006e-04
   2.8673903e-04
   2.8587630e-04
   2.8422061e-04
   2.8224318e-04
   2.7984370e-04
   2.7638827e-04
   2.7196223e-04
   2.6591857e-04
   2.5825573e-04
   2.5090446e-04
   2.4413962e-04
   2.3816715e-04
   2.3332040e-04
   2.2860916e-04
   2.2403824e-04
   2.1979370e-04
   2.1583833e-04
   2.1298507e-04
   2.1150847e-04
   2.1067799e-04
   2.1061006e-04
   2.1245324e-04
   2.1610311e-04
   2.2247676e-04
   2.3160097e-04
   2.4051805e-04
   2.4876504e-04
   2.5629160e-04
   2.6259141e-04
   2.6865773e-04
   2.7449657e-04
   2.7957699e-04
   2.8390907e-04
   2.8724587e-04
   2.8936611e-04
   2.9093309e-04
   2.9189590e-04
   2.9096163e-04
   2.8818610e-04
   2.8281912e-04
   2.7480253e-04
   2.6681527e-04
   2.5929322e-04
   2.5213963e-04
   2.4580395e-04
   2.3962684e-04
   2.3359094e-04
   2.2827867e-04
   2.2369703e-04
   2.1961956e-04
   2.1615372e-04
   2.1288736e-04
   2.0980467e-04
   2.0788027e-04
   2.0710163e-04
   2.0787519e-04
   2.1025547e-04
   2.1257812e-04
   2.1456662e-04
   2.1632367e-04
   2.1757421e-04
   2.1866893e-04
   2.1962245e-04
   2.2005634e-04
   2.1996442e-04
   2.1958128e-04
   2.1886079e-04
   2.1803205e-04
   2.1712100e-04
   2.1554995e-04
   2.1332539e-04
   2.1023765e-04
   2.0625747e-04
   2.0231668e-04
   1.9857054e-04
   1.9498698e-04
   1.9172316e-04
   1.8853989e-04
   1.8543501e-04
   1.8259417e-04
   1.8002078e-04
   1.7769424e-04
   1.7566296e-04
   1.7376888e-04
   1.7201554e-04
   1.7074655e-04
   1.6994906e-04
   1.6981618e-04
   1.7036121e-04
   1.7090652e-04
   1.7136342e-04
   1.7161960e-04
   1.7156019e-04
   1.7163556e-04
   1.7184121e-04
   1.7217367e-04
   1.7265520e-04
   1.7277385e-04
   1.7239051e-04
   1.7184908e-04
   1.7107804e-04
   1.6960317e-04
   1.6748749e-04
   1.6424392e-04
   1.5987205e-04
   1.5580677e-04
   1.5223746e-04
   1.4940341e-04
   1.4755200e-04
   1.4576469e-04
   1.4404866e-04
   1.4245185e-04
   1.4092913e-04
   1.4044049e-04
   1.4126032e-04
   1.4268025e-04
   1.4483154e-04
   1.4873577e-04
   1.5427591e-04
   1.6237521e-04
   1.7304579e-04
   1.8341066e-04
   1.9303040e-04
   2.0177181e-04
   2.0913875e-04
   2.1625154e-04
   2.2311052e-04
   2.2926646e-04
   2.3474175e-04
   2.3900594e-04
   2.4178260e-04
   2.4386031e-04
   2.4515208e-04
   2.4423585e-04
   2.4119370e-04
   2.3510730e-04
   2.2592024e-04
   2.1680699e-04
   2.0829073e-04
   2.0022880e-04
   1.9315658e-04
   1.8637185e-04
   1.7985298e-04
   1.7433861e-04
   1.6984500e-04
   1.6593086e-04
   1.6269139e-04
   1.5970761e-04
   1.5693811e-04
   1.5548140e-04
   1.5534392e-04
   1.5687890e-04
   1.6015854e-04
   1.6352288e-04
   1.6666613e-04
   1.6988339e-04
   1.7290380e-04
   1.7569778e-04
   1.7829016e-04
   1.8012480e-04
   1.8116201e-04
   1.8236204e-04
   1.8382381e-04
   1.8544768e-04
   1.8735280e-04
   1.8929685e-04
   1.9121099e-04
   1.9336213e-04
   1.9570844e-04
   1.9784165e-04
   1.9972227e-04
   2.0117594e-04
   2.0212397e-04
   2.0298576e-04
   2.0375238e-04
   2.0446092e-04
   2.0513408e-04
   2.0524444e-04
   2.0466067e-04
   2.0368390e-04
   2.0224057e-04
   1.9993466e-04
   1.9681390e-04
   1.9248984e-04
   1.8695439e-04
   1.8139495e-04
   1.7601106e-04
   1.7072845e-04
   1.6575008e-04
   1.6087922e-04
   1.5610782e-04
   1.5175353e-04
   1.4783116e-04
   1.4402898e-04
   1.4035359e-04
   1.3673478e-04
   1.3314160e-04
   1.2988888e-04
   1.2700144e-04
   1.2449338e-04
   1.2239792e-04
   1.2045238e-04
   1.1859614e-04
   1.1698814e-04
   1.1559233e-04
   1.1420806e-04
   1.1284911e-04
   1.1134076e-04
   1.0966316e-04
   1.0834677e-04
   1.0748617e-04
   1.0689829e-04
   1.0665330e-04
   1.0689331e-04
   1.0757330e-04
   1.0897549e-04
   1.1109133e-04
   1.1317571e-04
   1.1511640e-04
   1.1687094e-04
   1.1830894e-04
   1.1971951e-04
   1.2110222e-04
   1.2233203e-04
   1.2341312e-04
   1.2422930e-04
   1.2471336e-04
   1.2504678e-04
   1.2520786e-04
   1.2485754e-04
   1.2401004e-04
   1.2245828e-04
   1.2018482e-04
   1.1791101e-04
   1.1575827e-04
   1.1366304e-04
   1.1174491e-04
   1.0989981e-04
   1.0811962e-04
   1.0659809e-04
   1.0534274e-04
   1.0414055e-04
   1.0298900e-04
   1.0184739e-04
   1.0069133e-04
   9.9707557e-05
   9.8908459e-05
   9.8298729e-05
   9.7895222e-05
   9.7543250e-05
   9.7209756e-05
   9.6957942e-05
   9.6764911e-05
   9.6569598e-05
   9.6377090e-05
   9.6112134e-05
   9.5767244e-05
   9.5537006e-05
   9.5451877e-05
   9.5462786e-05
   9.5595603e-05
   9.5865528e-05
   9.6257975e-05
   9.6857636e-05
   9.7660031e-05
   9.8467095e-05
   9.9251591e-05
   9.9987451e-05
   1.0063957e-04
   1.0131222e-04
   1.0200423e-04
   1.0269488e-04
   1.0338710e-04
   1.0399822e-04
   1.0450045e-04
   1.0495799e-04
   1.0535737e-04
   1.0559730e-04
   1.0568563e-04
   1.0553603e-04
   1.0514472e-04
   1.0477347e-04
   1.0445919e-04
   1.0421957e-04
   1.0409810e-04
   1.0397368e-04
   1.0384493e-04
   1.0374267e-04
   1.0366174e-04
   1.0368267e-04
   1.0383576e-04
   1.0403371e-04
   1.0428759e-04
   1.0473864e-04
   1.0537452e-04
   1.0630125e-04
   1.0752196e-04
   1.0868615e-04
   1.0973902e-04
   1.1067171e-04
   1.1142411e-04
   1.1211986e-04
   1.1275944e-04
   1.1328331e-04
   1.1369333e-04
   1.1394736e-04
   1.1401662e-04
   1.1398734e-04
   1.1385225e-04
   1.1344972e-04
   1.1278841e-04
   1.1177014e-04
   1.1038873e-04
   1.0899230e-04
   1.0763814e-04
   1.0631526e-04
   1.0508292e-04
   1.0385625e-04
   1.0263413e-04
   1.0149265e-04
   1.0043386e-04
   9.9430242e-05
   9.8496484e-05
   9.7583390e-05
   9.6690303e-05
   9.5937888e-05
   9.5325661e-05
   9.4906474e-05
   9.4687907e-05
   9.4465850e-05
   9.4209778e-05
   9.3918534e-05
   9.3559155e-05
   9.3206800e-05
   9.2863428e-05
   9.2498541e-05
   9.2115004e-05
   9.1681865e-05
   9.1182176e-05
   9.0671952e-05
   9.0147212e-05
   8.9510409e-05
   8.8769395e-05
   8.7857938e-05
   8.6774173e-05
   8.5745570e-05
   8.4806552e-05
   8.3973404e-05
   8.3285490e-05
   8.2641489e-05
   8.2042076e-05
   8.1514989e-05
   8.1057370e-05
   8.0740849e-05
   8.0593166e-05
   8.0538147e-05
   8.0586348e-05
   8.0863973e-05
   8.1360693e-05
   8.2170996e-05
   8.3298064e-05
   8.4430795e-05
   8.5520515e-05
   8.6560323e-05
   8.7496773e-05
   8.8437584e-05
   8.9382967e-05
   9.0278682e-05
   9.1125744e-05
   9.1889913e-05
   9.2545668e-05
   9.3167235e-05
   9.3747752e-05
   9.4144081e-05
   9.4362386e-05
   9.4316751e-05
   9.4000273e-05
   9.3714151e-05
   9.3506987e-05
   9.3365539e-05
   9.3339625e-05
   9.3357288e-05
   9.3415227e-05
   9.3581247e-05
   9.3855096e-05
   9.4200867e-05
   9.4628821e-05
   9.5087369e-05
   9.5571828e-05
   9.6203463e-05
   9.6980663e-05
   9.7943316e-05
   9.9098142e-05
   1.0024830e-04
   1.0135230e-04
   1.0246833e-04
   1.0356330e-04
   1.0458027e-04
   1.0552259e-04
   1.0629695e-04
   1.0689321e-04
   1.0752862e-04
   1.0823451e-04
   1.0895482e-04
   1.0971685e-04
   1.1053187e-04
   1.1138010e-04
   1.1236366e-04
   1.1347456e-04
   1.1447901e-04
   1.1535136e-04
   1.1601599e-04
   1.1643095e-04
   1.1681076e-04
   1.1715226e-04
   1.1747405e-04
   1.1778888e-04
   1.1782412e-04
   1.1751069e-04
   1.1702087e-04
   1.1631835e-04
   1.1517183e-04
   1.1361093e-04
   1.1141321e-04
   1.0857639e-04
   1.0579002e-04
   1.0316658e-04
   1.0069478e-04
   9.8493582e-05
   9.6386248e-05
   9.4370222e-05
   9.2600260e-05
   9.1079182e-05
   8.9749992e-05
   8.8642943e-05
   8.7648194e-05
   8.6762599e-05
   8.6251642e-05
   8.6115683e-05
   8.6449488e-05
   8.7271347e-05
   8.8154234e-05
   8.9012769e-05
   8.9967217e-05
   9.0948148e-05
   9.1854618e-05
   9.2695710e-05
   9.3280698e-05
   9.3590988e-05
   9.4061671e-05
   9.4755564e-05
   9.5561622e-05
   9.6534600e-05
   9.7698163e-05
   9.9013804e-05
   1.0067942e-04
   1.0267985e-04
   1.0455378e-04
   1.0624381e-04
   1.0763842e-04
   1.0865442e-04
   1.0963416e-04
   1.1057213e-04
   1.1146677e-04
   1.1233456e-04
   1.1278990e-04
   1.1272760e-04
   1.1240443e-04
   1.1176645e-04
   1.1045199e-04
   1.0850174e-04
   1.0558227e-04
   1.0168710e-04
   9.7848760e-05
   9.4231607e-05
   9.0832682e-05
   8.7828877e-05
   8.4920115e-05
   8.2102676e-05
   7.9588472e-05
   7.7378213e-05
   7.5457104e-05
   7.3882688e-05
   7.2468178e-05
   7.1218473e-05
   7.0542167e-05
   7.0431929e-05
   7.1077210e-05
   7.2501953e-05
   7.3964100e-05
   7.5333390e-05
   7.6705582e-05
   7.7958522e-05
   7.9143973e-05
   8.0271828e-05
   8.1118836e-05
   8.1672912e-05
   8.2252560e-05
   8.2879334e-05
   8.3559779e-05
   8.4332702e-05
   8.5034307e-05
   8.5643215e-05
   8.6212841e-05
   8.6724000e-05
   8.7190340e-05
   8.7629401e-05
   8.7936700e-05
   8.8110369e-05
   8.8335350e-05
   8.8604726e-05
   8.9004238e-05
   8.9548256e-05
   8.9884728e-05
   8.9943795e-05
   8.9867124e-05
   8.9606903e-05
   8.9027379e-05
   8.8159923e-05
   8.6789819e-05
   8.4921025e-05
   8.3131315e-05
   8.1501190e-05
   8.0097428e-05
   7.9020136e-05
   7.7968079e-05
   7.6942665e-05
   7.6000128e-05
   7.5129390e-05
   7.4573999e-05
   7.4415184e-05
   7.4444636e-05
   7.4698231e-05
   7.5500718e-05
   7.6822777e-05
   7.8930638e-05
   8.1832312e-05
   8.4684700e-05
   8.7359863e-05
   8.9824836e-05
   9.1935750e-05
   9.4016629e-05
   9.6068708e-05
   9.7960597e-05
   9.9699059e-05
   1.0113593e-04
   1.0219299e-04
   1.0309277e-04
   1.0381052e-04
   1.0394578e-04
   1.0352249e-04
   1.0227450e-04
   1.0018667e-04
   9.8161358e-05
   9.6339546e-05
   9.4724697e-05
   9.3468755e-05
   9.2278911e-05
   9.1150404e-05
   9.0248681e-05
   8.9569050e-05
   8.9163940e-05
   8.9096483e-05
   8.9157157e-05
   8.9355934e-05
   9.0104484e-05
   9.1384869e-05
   9.3419497e-05
   9.6226489e-05
   9.8971505e-05
   1.0150927e-04
   1.0391861e-04
   1.0605914e-04
   1.0803297e-04
   1.0984801e-04
   1.1127083e-04
   1.1229052e-04
   1.1317997e-04
   1.1394419e-04
   1.1463643e-04
   1.1528941e-04
   1.1566067e-04
   1.1573392e-04
   1.1551577e-04
   1.1498386e-04
   1.1433183e-04
   1.1361730e-04
   1.1267186e-04
   1.1152495e-04
   1.1044282e-04
   1.0941608e-04
   1.0863158e-04
   1.0811729e-04
   1.0726514e-04
   1.0596508e-04
   1.0444972e-04
   1.0264122e-04
   1.0034601e-04
   9.7622759e-05
   9.4119030e-05
   8.9848070e-05
   8.5755419e-05
   8.1975465e-05
   7.8625368e-05
   7.5872018e-05
   7.3220955e-05
   7.0677301e-05
   6.8334758e-05
   6.6176903e-05
   6.4610199e-05
   6.3771478e-05
   6.3312508e-05
   6.3293696e-05
   6.4263986e-05
   6.6176269e-05
   6.9469261e-05
   7.4158240e-05
   7.8836918e-05
   8.3283613e-05
   8.7493706e-05
   9.1227311e-05
   9.4919980e-05
   9.8575511e-05
   1.0192528e-04
   1.0497007e-04
   1.0766269e-04
   1.0991379e-04
   1.1198896e-04
   1.1387107e-04
   1.1501188e-04
   1.1542901e-04
   1.1481601e-04
   1.1314549e-04
   1.1150290e-04
   1.1005188e-04
   1.0881485e-04
   1.0797175e-04
   1.0711509e-04
   1.0623887e-04
   1.0550819e-04
   1.0491122e-04
   1.0462677e-04
   1.0475071e-04
   1.0499002e-04
   1.0537166e-04
   1.0641460e-04
   1.0808249e-04
   1.1072624e-04
   1.1436086e-04
   1.1779427e-04
   1.2084509e-04
   1.2346038e-04
   1.2543722e-04
   1.2725355e-04
   1.2891144e-04
   1.3023717e-04
   1.3124421e-04
   1.3167837e-04
   1.3141856e-04
   1.3082743e-04
   1.2986816e-04
   1.2790643e-04
   1.2498587e-04
   1.2068894e-04
   1.1499552e-04
   1.0936200e-04
   1.0403337e-04
   9.8940667e-05
   9.4332880e-05
   8.9910529e-05
   8.5666750e-05
   8.1953025e-05
   7.8781548e-05
   7.5915531e-05
   7.3394440e-05
   7.1042370e-05
   6.8837713e-05
   6.7276646e-05
   6.6368540e-05
   6.6250967e-05
   6.6960509e-05
   6.7799195e-05
   6.8631753e-05
   6.9634329e-05
   7.0694894e-05
   7.1702601e-05
   7.2671688e-05
   7.3321265e-05
   7.3626658e-05
   7.4184634e-05
   7.5075285e-05
   7.6172866e-05
   7.7552614e-05
   7.9195674e-05
   8.1053162e-05
   8.3362636e-05
   8.6102412e-05
   8.8754600e-05
   9.1254234e-05
   9.3475941e-05
   9.5324856e-05
   9.7176241e-05
   9.9022585e-05
   1.0085538e-04
   1.0269030e-04
   1.0411374e-04
   1.0501141e-04
   1.0564794e-04
   1.0596264e-04
   1.0558072e-04
   1.0454208e-04
   1.0249263e-04
   9.9423383e-05
   9.6405164e-05
   9.3601261e-05
   9.1033820e-05
   8.8884217e-05
   8.6779776e-05
   8.4715511e-05
   8.2881133e-05
   8.1269844e-05
   7.9976851e-05
   7.9082319e-05
   7.8339259e-05
   7.7765456e-05
   7.7835214e-05
   7.8527328e-05
   8.0113039e-05
   8.2613682e-05
   8.5046940e-05
   8.7247605e-05
   8.9281993e-05
   9.0985455e-05
   9.2535456e-05
   9.3940443e-05
   9.4954460e-05
   9.5569896e-05
   9.5998484e-05
   9.6226091e-05
   9.6354063e-05
   9.6406195e-05
   9.6069880e-05
   9.5337322e-05
   9.4145780e-05
   9.2472823e-05
   9.0713846e-05
   8.8949404e-05
   8.7066978e-05
   8.5130866e-05
   8.3231514e-05
   8.1361916e-05
   7.9692022e-05
   7.8239485e-05
   7.6624507e-05
   7.4793970e-05
   7.2841671e-05
   7.0720666e-05
   6.8418331e-05
   6.5967156e-05
   6.3207675e-05
   6.0152773e-05
   5.7177539e-05
   5.4335280e-05
   5.1680669e-05
