   3.1584462e-02
   1.5701812e-02
   6.1270444e-03
   3.6837633e-02
   7.6518246e-02
   1.1554233e-01
   1.5230708e-01
   1.8719122e-01
   2.1854425e-01
   2.4844789e-01
   2.7694674e-01
   3.0173799e-01
   3.2274832e-01
   3.4142989e-01
   3.5750437e-01
   3.7213931e-01
   3.8546032e-01
   3.9422144e-01
   3.9836099e-01
   3.9696087e-01
   3.8977963e-01
   3.8141166e-01
   3.7275074e-01
   3.6261157e-01
   3.5173259e-01
   3.4090338e-01
   3.3003279e-01
   3.2099352e-01
   3.1395893e-01
   3.0490067e-01
   2.9326660e-01
   2.8000121e-01
   2.6460546e-01
   2.4702970e-01
   2.2761430e-01
   2.0471331e-01
   1.7846699e-01
   1.5269614e-01
   1.2794938e-01
   1.0476671e-01
   8.3847533e-02
   6.3214312e-02
   4.2906242e-02
   2.3364908e-02
   4.5468621e-03
   1.2005285e-02
   2.5744917e-02
   3.7963517e-02
   4.8408935e-02
   5.4961837e-02
   5.7759956e-02
   5.5186261e-02
   4.7145486e-02
   3.8821080e-02
   3.1055664e-02
   2.3552944e-02
   1.7176071e-02
   1.0881736e-02
   4.6189769e-03
   3.4521402e-04
   3.9800168e-03
   7.2896628e-03
   1.0189044e-02
   1.3167496e-02
   1.6326615e-02
   1.8149751e-02
   1.8591174e-02
   1.7303426e-02
   1.4169824e-02
   1.1103514e-02
   8.4404871e-03
   5.8724855e-03
   3.6993507e-03
   1.8177248e-03
   1.9068633e-04
   6.2444007e-04
   6.0548371e-04
   5.9043121e-04
   6.4578628e-04
   8.1826079e-04
   1.2210090e-03
   1.4128161e-03
   1.3604263e-03
   1.1569722e-03
   7.7042212e-04
   3.8174488e-04
   4.0229406e-05
   3.3162006e-04
   7.0381737e-04
   1.0020980e-03
   1.2257137e-03
   1.3005372e-03
   1.2149272e-03
   1.1378263e-03
   1.0879630e-03
   1.0560816e-03
   1.0648798e-03
   1.0567034e-03
   1.0251716e-03
   9.9850086e-04
   9.7289754e-04
   9.4339317e-04
   9.1302305e-04
   8.7326213e-04
   8.2393249e-04
   7.8225052e-04
   7.4953011e-04
   7.2844910e-04
   7.2111293e-04
   7.1346410e-04
   7.0379515e-04
   6.9400219e-04
   6.8235525e-04
   6.7284980e-04
   6.6599465e-04
   6.5984564e-04
   6.5462974e-04
   6.5025366e-04
   6.4638704e-04
   6.4362169e-04
   6.4185952e-04
   6.3989694e-04
   6.3760467e-04
   6.3464201e-04
   6.3081875e-04
   6.2721428e-04
   6.2391053e-04
   6.2080212e-04
   6.1799583e-04
   6.1499079e-04
   6.1171503e-04
   6.0826706e-04
   6.0458736e-04
   6.0087108e-04
   5.9719238e-04
   5.9323590e-04
   5.8902012e-04
   5.8505041e-04
   5.8130222e-04
   5.7806343e-04
   5.7537408e-04
   5.7216919e-04
   5.6824425e-04
   5.6399384e-04
   5.5927163e-04
   5.5372922e-04
   5.4745737e-04
   5.3983277e-04
   5.3086844e-04
   5.2219061e-04
   5.1401648e-04
   5.0657511e-04
   5.0014690e-04
   4.9379441e-04
   4.8752074e-04
   4.8144479e-04
   4.7552485e-04
   4.7060274e-04
   4.6693869e-04
   4.6385771e-04
   4.6147829e-04
   4.6081625e-04
   4.6177101e-04
   4.6519710e-04
   4.7111591e-04
   4.7681527e-04
   4.8187085e-04
   4.8623977e-04
   4.8945789e-04
   4.9242635e-04
   4.9515192e-04
   4.9714012e-04
   4.9840009e-04
   4.9873500e-04
   4.9794836e-04
   4.9663749e-04
   4.9476057e-04
   4.9114327e-04
   4.8583395e-04
   4.7816962e-04
   4.6809659e-04
   4.5801576e-04
   4.4832509e-04
   4.3889922e-04
   4.3014152e-04
   4.2154318e-04
   4.1308810e-04
   4.0533720e-04
   3.9830557e-04
   3.9163774e-04
   3.8540009e-04
   3.7929978e-04
   3.7330473e-04
   3.6820859e-04
   3.6401800e-04
   3.6099524e-04
   3.5919273e-04
   3.5742295e-04
   3.5548732e-04
   3.5348921e-04
   3.5123656e-04
   3.4894242e-04
   3.4662185e-04
   3.4399097e-04
   3.4104538e-04
   3.3802424e-04
   3.3490895e-04
   3.3185119e-04
   3.2888163e-04
   3.2558921e-04
   3.2197549e-04
   3.1792367e-04
   3.1341191e-04
   3.0904718e-04
   3.0493956e-04
   3.0101935e-04
   2.9738823e-04
   2.9398691e-04
   2.9080988e-04
   2.8802814e-04
   2.8565008e-04
   2.8346809e-04
   2.8147896e-04
   2.7962556e-04
   2.7788072e-04
   2.7645809e-04
   2.7536630e-04
   2.7461180e-04
   2.7421099e-04
   2.7394873e-04
   2.7376168e-04
   2.7381677e-04
   2.7407861e-04
   2.7427859e-04
   2.7442501e-04
   2.7431677e-04
   2.7392416e-04
   2.7387642e-04
   2.7428251e-04
   2.7492178e-04
   2.7587470e-04
   2.7729379e-04
   2.7911610e-04
   2.8170342e-04
   2.8503574e-04
   2.8819653e-04
   2.9107696e-04
   2.9342290e-04
   2.9506992e-04
   2.9677884e-04
   2.9853495e-04
   3.0038594e-04
   3.0237038e-04
   3.0353553e-04
   3.0363774e-04
   3.0324719e-04
   3.0222990e-04
   2.9982952e-04
   2.9614749e-04
   2.9038694e-04
   2.8254349e-04
   2.7496039e-04
   2.6797070e-04
   2.6180724e-04
   2.5687274e-04
   2.5199435e-04
   2.4717539e-04
   2.4265662e-04
   2.3839493e-04
   2.3531140e-04
   2.3372463e-04
   2.3278685e-04
   2.3263177e-04
   2.3460427e-04
   2.3858570e-04
   2.4564208e-04
   2.5580693e-04
   2.6564742e-04
   2.7463246e-04
   2.8267944e-04
   2.8920275e-04
   2.9541514e-04
   3.0132501e-04
   3.0634550e-04
   3.1049648e-04
   3.1338334e-04
   3.1472864e-04
   3.1536500e-04
   3.1522254e-04
   3.1273278e-04
   3.0797559e-04
   3.0000444e-04
   2.8875532e-04
   2.7758086e-04
   2.6703060e-04
   2.5698413e-04
   2.4800763e-04
   2.3929346e-04
   2.3082278e-04
   2.2333725e-04
   2.1684980e-04
   2.1104558e-04
   2.0605564e-04
   2.0137751e-04
   1.9698893e-04
   1.9410715e-04
   1.9272330e-04
   1.9332008e-04
   1.9597013e-04
   1.9864902e-04
   2.0101042e-04
   2.0325127e-04
   2.0503888e-04
   2.0665973e-04
   2.0813665e-04
   2.0894025e-04
   2.0905144e-04
   2.0903297e-04
   2.0888291e-04
   2.0876510e-04
   2.0874743e-04
   2.0823343e-04
   2.0720176e-04
   2.0557818e-04
   2.0331954e-04
   2.0107751e-04
   1.9898106e-04
   1.9687250e-04
   1.9485655e-04
   1.9301298e-04
   1.9133089e-04
   1.9005096e-04
   1.8919371e-04
   1.8827920e-04
   1.8724897e-04
   1.8617174e-04
   1.8498528e-04
   1.8376478e-04
   1.8254228e-04
   1.8116525e-04
   1.7964911e-04
   1.7826458e-04
   1.7704118e-04
   1.7605262e-04
   1.7534705e-04
   1.7471071e-04
   1.7414455e-04
   1.7365041e-04
   1.7321596e-04
   1.7306632e-04
   1.7326216e-04
   1.7364987e-04
   1.7425957e-04
   1.7530654e-04
   1.7676773e-04
   1.7882747e-04
   1.8149065e-04
   1.8416179e-04
   1.8673540e-04
   1.8927435e-04
   1.9167640e-04
   1.9398634e-04
   1.9620914e-04
   1.9815796e-04
   1.9982051e-04
   2.0145642e-04
   2.0308056e-04
   2.0469543e-04
   2.0633042e-04
   2.0784475e-04
   2.0921495e-04
   2.1049834e-04
   2.1167339e-04
   2.1272695e-04
   2.1368177e-04
   2.1435909e-04
   2.1475041e-04
   2.1519685e-04
   2.1568519e-04
   2.1637184e-04
   2.1728266e-04
   2.1776028e-04
   2.1767257e-04
   2.1729341e-04
   2.1653378e-04
   2.1512528e-04
   2.1313130e-04
   2.1012574e-04
   2.0611920e-04
   2.0225227e-04
   1.9867264e-04
   1.9559033e-04
   1.9320449e-04
   1.9076203e-04
   1.8827101e-04
   1.8576514e-04
   1.8320925e-04
   1.8139955e-04
   1.8056114e-04
   1.8013527e-04
   1.8023415e-04
   1.8165782e-04
   1.8431607e-04
   1.8895045e-04
   1.9557322e-04
   2.0191175e-04
   2.0762606e-04
   2.1259321e-04
   2.1642429e-04
   2.2005315e-04
   2.2348278e-04
   2.2638223e-04
   2.2877667e-04
   2.3016682e-04
   2.3032130e-04
   2.2990213e-04
   2.2883294e-04
   2.2595963e-04
   2.2135891e-04
   2.1425323e-04
   2.0460293e-04
   1.9506667e-04
   1.8607922e-04
   1.7756327e-04
   1.6997054e-04
   1.6264137e-04
   1.5556289e-04
   1.4932007e-04
   1.4392295e-04
   1.3914961e-04
   1.3511057e-04
   1.3139812e-04
   1.2799912e-04
   1.2589066e-04
   1.2506579e-04
   1.2591493e-04
   1.2849741e-04
   1.3117895e-04
   1.3367401e-04
   1.3617961e-04
   1.3842710e-04
   1.4056738e-04
   1.4262029e-04
   1.4411870e-04
   1.4503892e-04
   1.4599156e-04
   1.4700613e-04
   1.4813562e-04
   1.4945324e-04
   1.5056189e-04
   1.5142563e-04
   1.5209168e-04
   1.5252130e-04
   1.5292110e-04
   1.5334416e-04
   1.5364576e-04
   1.5385288e-04
   1.5414712e-04
   1.5451709e-04
   1.5510299e-04
   1.5592081e-04
   1.5653177e-04
   1.5685899e-04
   1.5702969e-04
   1.5698270e-04
   1.5664189e-04
   1.5603870e-04
   1.5495855e-04
   1.5340702e-04
   1.5190121e-04
   1.5050873e-04
   1.4929964e-04
   1.4836247e-04
   1.4740474e-04
   1.4642614e-04
   1.4546992e-04
   1.4452301e-04
   1.4383140e-04
   1.4347287e-04
   1.4324662e-04
   1.4318789e-04
   1.4360198e-04
   1.4446045e-04
   1.4601583e-04
   1.4827599e-04
   1.5043945e-04
   1.5238109e-04
   1.5409415e-04
   1.5544262e-04
   1.5668576e-04
   1.5782749e-04
   1.5871726e-04
   1.5935873e-04
   1.5971429e-04
   1.5972982e-04
   1.5958386e-04
   1.5926854e-04
   1.5842811e-04
   1.5707639e-04
   1.5502903e-04
   1.5226951e-04
   1.4950291e-04
   1.4685555e-04
   1.4424053e-04
   1.4177671e-04
   1.3942075e-04
   1.3716605e-04
   1.3522882e-04
   1.3362340e-04
   1.3204188e-04
   1.3046360e-04
   1.2889344e-04
   1.2729565e-04
   1.2581302e-04
   1.2446887e-04
   1.2320357e-04
   1.2203623e-04
   1.2099213e-04
   1.2006264e-04
   1.1934031e-04
   1.1883374e-04
   1.1837094e-04
   1.1795742e-04
   1.1752926e-04
   1.1707314e-04
   1.1688962e-04
   1.1704257e-04
   1.1738563e-04
   1.1795799e-04
   1.1892653e-04
   1.2026333e-04
   1.2216045e-04
   1.2461783e-04
   1.2705892e-04
   1.2938319e-04
   1.3163860e-04
   1.3372523e-04
   1.3570607e-04
   1.3758509e-04
   1.3918865e-04
   1.4050622e-04
   1.4175597e-04
   1.4294589e-04
   1.4408981e-04
   1.4521168e-04
   1.4616629e-04
   1.4693352e-04
   1.4755236e-04
   1.4800260e-04
   1.4831564e-04
   1.4852057e-04
   1.4844684e-04
   1.4809448e-04
   1.4777860e-04
   1.4748741e-04
   1.4737998e-04
   1.4748239e-04
   1.4716580e-04
   1.4630633e-04
   1.4516680e-04
   1.4366401e-04
   1.4154483e-04
   1.3887127e-04
   1.3524260e-04
   1.3067029e-04
   1.2624054e-04
   1.2210054e-04
   1.1842198e-04
   1.1539585e-04
   1.1237027e-04
   1.0935321e-04
   1.0640816e-04
   1.0350906e-04
   1.0129355e-04
   9.9952211e-05
   9.9015696e-05
   9.8576766e-05
   9.9329896e-05
   1.0120338e-04
   1.0481998e-04
   1.1019355e-04
   1.1540896e-04
   1.2018236e-04
   1.2440296e-04
   1.2774405e-04
   1.3101381e-04
   1.3421466e-04
   1.3708033e-04
   1.3963392e-04
   1.4141030e-04
   1.4220670e-04
   1.4259272e-04
   1.4249730e-04
   1.4094414e-04
   1.3800225e-04
   1.3298503e-04
   1.2586081e-04
   1.1892929e-04
   1.1255405e-04
   1.0673720e-04
   1.0186897e-04
   9.7233864e-05
   9.2822653e-05
   8.9071718e-05
   8.5975111e-05
   8.3615053e-05
   8.2141068e-05
   8.1068833e-05
   8.0420341e-05
   8.1175864e-05
   8.3298394e-05
   8.7309088e-05
   9.3253156e-05
   9.9186344e-05
   1.0478105e-04
   1.1016250e-04
   1.1500385e-04
   1.1966892e-04
   1.2417163e-04
   1.2803545e-04
   1.3124421e-04
   1.3417465e-04
   1.3678983e-04
   1.3929683e-04
   1.4173438e-04
   1.4348239e-04
   1.4452788e-04
   1.4471385e-04
   1.4399638e-04
   1.4320841e-04
   1.4250086e-04
   1.4173410e-04
   1.4104227e-04
   1.4040929e-04
   1.3982236e-04
   1.3954112e-04
   1.3958148e-04
   1.3952981e-04
   1.3935004e-04
   1.3905363e-04
   1.3858860e-04
   1.3811930e-04
   1.3767062e-04
   1.3716470e-04
   1.3662046e-04
   1.3608075e-04
   1.3554390e-04
   1.3506687e-04
   1.3466088e-04
   1.3422450e-04
   1.3376203e-04
   1.3324836e-04
   1.3267876e-04
   1.3220630e-04
   1.3186273e-04
   1.3160122e-04
   1.3144558e-04
   1.3143310e-04
   1.3155433e-04
   1.3189437e-04
   1.3245267e-04
   1.3303419e-04
   1.3362134e-04
   1.3414683e-04
   1.3457770e-04
   1.3511250e-04
   1.3574883e-04
   1.3651670e-04
   1.3742818e-04
   1.3821261e-04
   1.3880727e-04
   1.3934949e-04
   1.3980107e-04
   1.4000176e-04
   1.3998014e-04
   1.3952286e-04
   1.3863255e-04
   1.3788618e-04
   1.3734894e-04
   1.3717470e-04
   1.3746246e-04
   1.3772249e-04
   1.3795919e-04
   1.3813468e-04
   1.3821890e-04
   1.3882341e-04
   1.4010262e-04
   1.4166783e-04
   1.4359991e-04
   1.4641299e-04
   1.5003539e-04
   1.5498722e-04
   1.6126852e-04
   1.6730231e-04
   1.7285114e-04
   1.7781163e-04
   1.8191006e-04
   1.8581257e-04
   1.8951662e-04
   1.9280056e-04
   1.9568022e-04
   1.9776342e-04
   1.9887961e-04
   1.9949465e-04
   1.9954705e-04
   1.9823420e-04
   1.9561097e-04
   1.9111431e-04
   1.8471714e-04
   1.7830447e-04
   1.7217713e-04
   1.6632107e-04
   1.6105698e-04
   1.5583428e-04
   1.5064698e-04
   1.4586799e-04
   1.4149873e-04
   1.3754775e-04
   1.3412507e-04
   1.3088897e-04
   1.2785467e-04
   1.2575181e-04
   1.2456092e-04
   1.2466616e-04
   1.2610584e-04
   1.2748271e-04
   1.2858206e-04
   1.2940270e-04
   1.2971407e-04
   1.2998905e-04
   1.3023812e-04
   1.3022284e-04
   1.2995543e-04
   1.2931018e-04
   1.2818324e-04
   1.2692336e-04
   1.2551163e-04
   1.2329441e-04
   1.2030964e-04
   1.1617008e-04
   1.1085322e-04
   1.0575972e-04
   1.0111982e-04
   9.6898526e-05
   9.3333842e-05
   9.0062989e-05
   8.7078821e-05
   8.4681607e-05
   8.2873095e-05
   8.1569198e-05
   8.0837245e-05
   8.0413467e-05
   8.0290807e-05
   8.1060028e-05
   8.2709153e-05
   8.5476725e-05
   8.9394259e-05
   9.3424549e-05
   9.7364456e-05
   1.0143769e-04
   1.0546952e-04
   1.0932873e-04
   1.1302829e-04
   1.1615854e-04
   1.1867970e-04
   1.2140987e-04
   1.2445095e-04
   1.2762988e-04
   1.3104507e-04
   1.3465131e-04
   1.3837518e-04
   1.4254279e-04
   1.4711850e-04
   1.5139380e-04
   1.5528387e-04
   1.5857588e-04
   1.6113844e-04
   1.6356286e-04
   1.6583681e-04
   1.6798386e-04
   1.7003360e-04
   1.7127180e-04
   1.7151041e-04
   1.7120327e-04
   1.7025154e-04
   1.6802925e-04
   1.6460943e-04
   1.5940621e-04
   1.5240902e-04
   1.4543555e-04
   1.3878387e-04
   1.3240183e-04
   1.2660178e-04
   1.2095891e-04
   1.1546586e-04
   1.1054598e-04
   1.0621170e-04
   1.0223985e-04
   9.8692082e-05
   9.5344022e-05
   9.2181187e-05
   8.9807479e-05
   8.8233345e-05
   8.7655069e-05
   8.8118295e-05
   8.8733010e-05
   8.9338844e-05
   9.0105172e-05
   9.0890583e-05
   9.1672931e-05
   9.2469409e-05
   9.2980367e-05
   9.3186224e-05
   9.3624921e-05
   9.4357303e-05
   9.5312216e-05
   9.6557155e-05
   9.7994859e-05
   9.9587439e-05
   1.0149369e-04
   1.0369344e-04
   1.0589781e-04
   1.0806461e-04
   1.1015816e-04
   1.1212399e-04
   1.1408641e-04
   1.1604281e-04
   1.1793951e-04
   1.1977644e-04
   1.2150394e-04
   1.2309313e-04
   1.2460716e-04
   1.2603436e-04
   1.2724732e-04
   1.2824527e-04
   1.2896305e-04
   1.2938869e-04
   1.2975943e-04
   1.3012375e-04
   1.3038669e-04
   1.3058450e-04
   1.3082468e-04
   1.3109809e-04
   1.3153705e-04
   1.3215471e-04
   1.3259469e-04
   1.3279686e-04
   1.3287826e-04
   1.3279255e-04
   1.3246065e-04
   1.3191503e-04
   1.3096395e-04
   1.2961601e-04
   1.2836123e-04
   1.2726633e-04
   1.2640508e-04
   1.2586367e-04
   1.2535843e-04
   1.2489134e-04
   1.2450118e-04
   1.2417584e-04
   1.2416897e-04
   1.2456147e-04
   1.2513826e-04
   1.2593470e-04
   1.2728401e-04
   1.2915692e-04
   1.3181081e-04
   1.3525540e-04
   1.3863860e-04
   1.4181333e-04
   1.4485082e-04
   1.4760598e-04
   1.5018845e-04
   1.5260531e-04
   1.5461513e-04
   1.5620578e-04
   1.5765720e-04
   1.5897471e-04
   1.6020112e-04
   1.6136825e-04
   1.6224498e-04
   1.6281071e-04
   1.6308491e-04
   1.6304283e-04
   1.6283185e-04
   1.6250239e-04
   1.6187271e-04
   1.6096289e-04
   1.6007417e-04
   1.5919510e-04
   1.5851491e-04
   1.5806241e-04
   1.5718101e-04
   1.5574870e-04
   1.5402135e-04
   1.5191397e-04
   1.4920561e-04
   1.4596039e-04
   1.4178683e-04
   1.3669967e-04
   1.3174789e-04
   1.2707634e-04
   1.2284480e-04
   1.1923938e-04
   1.1565213e-04
   1.1209227e-04
   1.0863183e-04
   1.0524945e-04
   1.0252341e-04
   1.0062998e-04
   9.9146589e-05
   9.8159936e-05
   9.8301190e-05
   9.9507247e-05
   1.0234877e-04
   1.0683946e-04
   1.1124434e-04
   1.1531416e-04
   1.1890938e-04
   1.2173460e-04
   1.2460683e-04
   1.2752638e-04
   1.3029484e-04
   1.3294042e-04
   1.3487484e-04
   1.3588216e-04
   1.3654376e-04
   1.3677237e-04
   1.3562577e-04
   1.3318308e-04
   1.2871018e-04
   1.2218195e-04
   1.1596193e-04
   1.1040672e-04
   1.0561709e-04
   1.0199442e-04
   9.8602762e-05
   9.5435858e-05
   9.2848812e-05
   9.0815816e-05
   8.9796742e-05
   9.0020228e-05
   9.0805724e-05
   9.2221865e-05
   9.5469396e-05
   1.0046930e-04
   1.0800576e-04
   1.1811897e-04
   1.2808033e-04
   1.3743657e-04
   1.4629362e-04
   1.5418650e-04
   1.6173197e-04
   1.6894298e-04
   1.7519054e-04
   1.8045800e-04
   1.8508192e-04
   1.8896925e-04
   1.9249279e-04
   1.9567995e-04
   1.9756823e-04
   1.9815327e-04
   1.9710555e-04
   1.9436165e-04
   1.9141221e-04
   1.8852846e-04
   1.8546073e-04
   1.8245250e-04
   1.7950063e-04
   1.7658394e-04
   1.7418869e-04
   1.7234893e-04
   1.7025811e-04
   1.6783852e-04
   1.6516442e-04
   1.6213808e-04
   1.5898803e-04
   1.5577308e-04
   1.5228809e-04
   1.4857116e-04
   1.4491925e-04
   1.4136626e-04
   1.3802849e-04
   1.3496683e-04
   1.3191717e-04
   1.2888918e-04
   1.2587853e-04
   1.2287646e-04
   1.2019367e-04
   1.1791263e-04
   1.1586687e-04
   1.1410486e-04
   1.1285651e-04
   1.1210075e-04
   1.1206268e-04
   1.1275234e-04
   1.1350633e-04
   1.1421792e-04
   1.1492959e-04
