   2.1921502e-02
   7.9947723e-03
   1.1068643e-02
   3.7753548e-02
   7.2140587e-02
   1.0601249e-01
   1.3798613e-01
   1.6847342e-01
   1.9606612e-01
   2.2236105e-01
   2.4740044e-01
   2.6913233e-01
   2.8747776e-01
   3.0402192e-01
   3.1859564e-01
   3.3204083e-01
   3.4450914e-01
   3.5338442e-01
   3.5857773e-01
   3.5953412e-01
   3.5604091e-01
   3.5138583e-01
   3.4624376e-01
   3.3951307e-01
   3.3171279e-01
   3.2387677e-01
   3.1592374e-01
   3.0940420e-01
   3.0448054e-01
   2.9738505e-01
   2.8754288e-01
   2.7602876e-01
   2.6237011e-01
   2.4611417e-01
   2.2759062e-01
   2.0505728e-01
   1.7862449e-01
   1.5263564e-01
   1.2773268e-01
   1.0436904e-01
   8.3327102e-02
   6.2611350e-02
   4.2251927e-02
   2.2848360e-02
   4.3653659e-03
   1.1900479e-02
   2.5423395e-02
   3.7496083e-02
   4.7898301e-02
   5.4401155e-02
   5.7129806e-02
   5.4505541e-02
   4.6422849e-02
   3.8070987e-02
   3.0298220e-02
   2.2783842e-02
   1.6390587e-02
   1.0110197e-02
   3.8907138e-03
   9.8879631e-04
   4.4951993e-03
   7.6864836e-03
   1.0487548e-02
   1.3375236e-02
   1.6459456e-02
   1.8229163e-02
   1.8636808e-02
   1.7355864e-02
   1.4270386e-02
   1.1249165e-02
   8.6222527e-03
   6.0839358e-03
   3.9273671e-03
   2.0599205e-03
   4.4607520e-04
   3.6765824e-04
   3.5858815e-04
   3.5366532e-04
   4.1890081e-04
   5.9875953e-04
   1.0048337e-03
   1.2040967e-03
   1.1637219e-03
   9.7620889e-04
   6.1012623e-04
   2.4113229e-04
   8.2613932e-05
   4.3723865e-04
   7.9360043e-04
   1.0779690e-03
   1.2895420e-03
   1.3558883e-03
   1.2655157e-03
   1.1843493e-03
   1.1308589e-03
   1.0955791e-03
   1.1007855e-03
   1.0905160e-03
   1.0584597e-03
   1.0326394e-03
   1.0093427e-03
   9.8238998e-04
   9.5452768e-04
   9.1745183e-04
   8.7075597e-04
   8.3156932e-04
   8.0117680e-04
   7.8187668e-04
   7.7571271e-04
   7.6911960e-04
   7.6038121e-04
   7.5150647e-04
   7.4081269e-04
   7.3175627e-04
   7.2481832e-04
   7.1797057e-04
   7.1139365e-04
   7.0560995e-04
   7.0041706e-04
   6.9618219e-04
   6.9290177e-04
   6.8958859e-04
   6.8609396e-04
   6.8237788e-04
   6.7827845e-04
   6.7411848e-04
   6.6986291e-04
   6.6559548e-04
   6.6132231e-04
   6.5649121e-04
   6.5109090e-04
   6.4487077e-04
   6.3779241e-04
   6.3084436e-04
   6.2419168e-04
   6.1773226e-04
   6.1162496e-04
   6.0572906e-04
   6.0002858e-04
   5.9478322e-04
   5.8999846e-04
   5.8537985e-04
   5.8092165e-04
   5.7654485e-04
   5.7221036e-04
   5.6820327e-04
   5.6453249e-04
   5.6121865e-04
   5.5828048e-04
   5.5542238e-04
   5.5257818e-04
   5.4984734e-04
   5.4718037e-04
   5.4447599e-04
   5.4173815e-04
   5.3882571e-04
   5.3572156e-04
   5.3275976e-04
   5.2998747e-04
   5.2732315e-04
   5.2480850e-04
   5.2245025e-04
   5.2021947e-04
   5.1826057e-04
   5.1656145e-04
   5.1479587e-04
   5.1292519e-04
   5.1085724e-04
   5.0853272e-04
   5.0621880e-04
   5.0391034e-04
   5.0161880e-04
   4.9935741e-04
   4.9680300e-04
   4.9387168e-04
   4.9075992e-04
   4.8742218e-04
   4.8359378e-04
   4.7930800e-04
   4.7429762e-04
   4.6855961e-04
   4.6289255e-04
   4.5741576e-04
   4.5217276e-04
   4.4730063e-04
   4.4247342e-04
   4.3769064e-04
   4.3307023e-04
   4.2860449e-04
   4.2446449e-04
   4.2073042e-04
   4.1718067e-04
   4.1384299e-04
   4.1110641e-04
   4.0894627e-04
   4.0762981e-04
   4.0717148e-04
   4.0667557e-04
   4.0600151e-04
   4.0515013e-04
   4.0397047e-04
   4.0274283e-04
   4.0147184e-04
   3.9998875e-04
   3.9829683e-04
   3.9636355e-04
   3.9413112e-04
   3.9178985e-04
   3.8933164e-04
   3.8637403e-04
   3.8293227e-04
   3.7880183e-04
   3.7396558e-04
   3.6918606e-04
   3.6459127e-04
   3.6013643e-04
   3.5594983e-04
   3.5188028e-04
   3.4792233e-04
   3.4425959e-04
   3.4089728e-04
   3.3770266e-04
   3.3469383e-04
   3.3177658e-04
   3.2893702e-04
   3.2643714e-04
   3.2428005e-04
   3.2253845e-04
   3.2123001e-04
   3.1998088e-04
   3.1871937e-04
   3.1752747e-04
   3.1634430e-04
   3.1513245e-04
   3.1389840e-04
   3.1250143e-04
   3.1093008e-04
   3.0945990e-04
   3.0812374e-04
   3.0688104e-04
   3.0576672e-04
   3.0473535e-04
   3.0376532e-04
   3.0295293e-04
   3.0228601e-04
   3.0159193e-04
   3.0085755e-04
   2.9998795e-04
   2.9895046e-04
   2.9797416e-04
   2.9705335e-04
   2.9623447e-04
   2.9553129e-04
   2.9460574e-04
   2.9338016e-04
   2.9202575e-04
   2.9049544e-04
   2.8858509e-04
   2.8632763e-04
   2.8347532e-04
   2.8002873e-04
   2.7668968e-04
   2.7355619e-04
   2.7070508e-04
   2.6825689e-04
   2.6584677e-04
   2.6347531e-04
   2.6121042e-04
   2.5903744e-04
   2.5725133e-04
   2.5595171e-04
   2.5487059e-04
   2.5404983e-04
   2.5391133e-04
   2.5441767e-04
   2.5589953e-04
   2.5836775e-04
   2.6074595e-04
   2.6286162e-04
   2.6472387e-04
   2.6614912e-04
   2.6744468e-04
   2.6861537e-04
   2.6943938e-04
   2.6991679e-04
   2.7007007e-04
   2.6983978e-04
   2.6943257e-04
   2.6884618e-04
   2.6763193e-04
   2.6579940e-04
   2.6314806e-04
   2.5965281e-04
   2.5612830e-04
   2.5272570e-04
   2.4930229e-04
   2.4599337e-04
   2.4282589e-04
   2.3978823e-04
   2.3716766e-04
   2.3498585e-04
   2.3273291e-04
   2.3035501e-04
   2.2791215e-04
   2.2534133e-04
   2.2276334e-04
   2.2021952e-04
   2.1754428e-04
   2.1476369e-04
   2.1214326e-04
   2.0969565e-04
   2.0762020e-04
   2.0596872e-04
   2.0428777e-04
   2.0258905e-04
   2.0075505e-04
   1.9875558e-04
   1.9730155e-04
   1.9655101e-04
   1.9615003e-04
   1.9619491e-04
   1.9709589e-04
   1.9878236e-04
   2.0175888e-04
   2.0602171e-04
   2.1012859e-04
   2.1386980e-04
   2.1712144e-04
   2.1963371e-04
   2.2207537e-04
   2.2444415e-04
   2.2656195e-04
   2.2844895e-04
   2.2964653e-04
   2.2997937e-04
   2.2991447e-04
   2.2938214e-04
   2.2761005e-04
   2.2465690e-04
   2.1994717e-04
   2.1345639e-04
   2.0706969e-04
   2.0108407e-04
   1.9550104e-04
   1.9064041e-04
   1.8591825e-04
   1.8132706e-04
   1.7722623e-04
   1.7361185e-04
   1.7054300e-04
   1.6813903e-04
   1.6602225e-04
   1.6421118e-04
   1.6347625e-04
   1.6378975e-04
   1.6556703e-04
   1.6884424e-04
   1.7209728e-04
   1.7507940e-04
   1.7783674e-04
   1.8011396e-04
   1.8230881e-04
   1.8443021e-04
   1.8616207e-04
   1.8750234e-04
   1.8852630e-04
   1.8916348e-04
   1.8966540e-04
   1.9003398e-04
   1.8970668e-04
   1.8869762e-04
   1.8673736e-04
   1.8379873e-04
   1.8091211e-04
   1.7823635e-04
   1.7579149e-04
   1.7374999e-04
   1.7173160e-04
   1.6973351e-04
   1.6791034e-04
   1.6625338e-04
   1.6494052e-04
   1.6406411e-04
   1.6335386e-04
   1.6283791e-04
   1.6299272e-04
   1.6378279e-04
   1.6554901e-04
   1.6830301e-04
   1.7092306e-04
   1.7325096e-04
   1.7515823e-04
   1.7645266e-04
   1.7774288e-04
   1.7902469e-04
   1.8021600e-04
   1.8134140e-04
   1.8184007e-04
   1.8153645e-04
   1.8088618e-04
   1.7980951e-04
   1.7761897e-04
   1.7438711e-04
   1.6951028e-04
   1.6297860e-04
   1.5666681e-04
   1.5084617e-04
   1.4568699e-04
   1.4151166e-04
   1.3740943e-04
   1.3338392e-04
   1.2963512e-04
   1.2613162e-04
   1.2357716e-04
   1.2222074e-04
   1.2139671e-04
   1.2120795e-04
   1.2272037e-04
   1.2584085e-04
   1.3141005e-04
   1.3945420e-04
   1.4726493e-04
   1.5442705e-04
   1.6084999e-04
   1.6607137e-04
   1.7110036e-04
   1.7594178e-04
   1.8015909e-04
   1.8377221e-04
   1.8636396e-04
   1.8769422e-04
   1.8846553e-04
   1.8860854e-04
   1.8684047e-04
   1.8323522e-04
   1.7697380e-04
   1.6800766e-04
   1.5917448e-04
   1.5093137e-04
   1.4322623e-04
   1.3653908e-04
   1.3008921e-04
   1.2386305e-04
   1.1844275e-04
   1.1383046e-04
   1.0994310e-04
   1.0692735e-04
   1.0427806e-04
   1.0199966e-04
   1.0119890e-04
   1.0184883e-04
   1.0447541e-04
   1.0913570e-04
   1.1379079e-04
   1.1810170e-04
   1.2218624e-04
   1.2570449e-04
   1.2908422e-04
   1.3234092e-04
   1.3500347e-04
   1.3706111e-04
   1.3881143e-04
   1.4019792e-04
   1.4148546e-04
   1.4270361e-04
   1.4315800e-04
   1.4284910e-04
   1.4153690e-04
   1.3918028e-04
   1.3685637e-04
   1.3474532e-04
   1.3277657e-04
   1.3112751e-04
   1.2957187e-04
   1.2810038e-04
   1.2695434e-04
   1.2613749e-04
   1.2550821e-04
   1.2509909e-04
   1.2475048e-04
   1.2444649e-04
   1.2457808e-04
   1.2513833e-04
   1.2627899e-04
   1.2801860e-04
   1.2970244e-04
   1.3122282e-04
   1.3259268e-04
   1.3370141e-04
   1.3473529e-04
   1.3569603e-04
   1.3645935e-04
   1.3702526e-04
   1.3737899e-04
   1.3747930e-04
   1.3746416e-04
   1.3732869e-04
   1.3679158e-04
   1.3586544e-04
   1.3439379e-04
   1.3236583e-04
   1.3035264e-04
   1.2844367e-04
   1.2665016e-04
   1.2506923e-04
   1.2349832e-04
   1.2193680e-04
   1.2047783e-04
   1.1911838e-04
   1.1793871e-04
   1.1698841e-04
   1.1612138e-04
   1.1535161e-04
   1.1494971e-04
   1.1490018e-04
   1.1537805e-04
   1.1639353e-04
   1.1734732e-04
   1.1814692e-04
   1.1878238e-04
   1.1915283e-04
   1.1946935e-04
   1.1973484e-04
   1.1984796e-04
   1.1981365e-04
   1.1956413e-04
   1.1905099e-04
   1.1843056e-04
   1.1769252e-04
   1.1654531e-04
   1.1500512e-04
   1.1290130e-04
   1.1022293e-04
   1.0759348e-04
   1.0512061e-04
   1.0275694e-04
   1.0060847e-04
   9.8580534e-05
   9.6668861e-05
   9.5039616e-05
   9.3700395e-05
   9.2485116e-05
   9.1398022e-05
   9.0386984e-05
   8.9433542e-05
   8.8730538e-05
   8.8287678e-05
   8.8123336e-05
   8.8254296e-05
   8.8480945e-05
   8.8755133e-05
   8.9186035e-05
   8.9742703e-05
   9.0278828e-05
   9.0801561e-05
   9.1177059e-05
   9.1388306e-05
   9.1823399e-05
   9.2548185e-05
   9.3432572e-05
   9.4526359e-05
   9.5916242e-05
   9.7566194e-05
   9.9684259e-05
   1.0226017e-04
   1.0476073e-04
   1.0711395e-04
   1.0922878e-04
   1.1101024e-04
   1.1278464e-04
   1.1454726e-04
   1.1626654e-04
   1.1795517e-04
   1.1929281e-04
   1.2018319e-04
   1.2086270e-04
   1.2128443e-04
   1.2109492e-04
   1.2032838e-04
   1.1867742e-04
   1.1613298e-04
   1.1365242e-04
   1.1138400e-04
   1.0933894e-04
   1.0767960e-04
   1.0608999e-04
   1.0456550e-04
   1.0328370e-04
   1.0223994e-04
   1.0148908e-04
   1.0109776e-04
   1.0085131e-04
   1.0076113e-04
   1.0125237e-04
   1.0230857e-04
   1.0415548e-04
   1.0681344e-04
   1.0943318e-04
   1.1186523e-04
   1.1420559e-04
   1.1631209e-04
   1.1825906e-04
   1.2005577e-04
   1.2145051e-04
   1.2242968e-04
   1.2332993e-04
   1.2416853e-04
   1.2497042e-04
   1.2577626e-04
   1.2637168e-04
   1.2673369e-04
   1.2690845e-04
   1.2687227e-04
   1.2670404e-04
   1.2644273e-04
   1.2591664e-04
   1.2513457e-04
   1.2439874e-04
   1.2369890e-04
   1.2319989e-04
   1.2292876e-04
   1.2227073e-04
   1.2110800e-04
   1.1968919e-04
   1.1793375e-04
   1.1561332e-04
   1.1278718e-04
   1.0907929e-04
   1.0450094e-04
   1.0006848e-04
   9.5923082e-05
   9.2204078e-05
   8.9090063e-05
   8.6016280e-05
   8.2988717e-05
   8.0089991e-05
   7.7299417e-05
   7.5121749e-05
   7.3717049e-05
   7.2684595e-05
   7.2098712e-05
   7.2572163e-05
   7.4047247e-05
   7.7043622e-05
   8.1576058e-05
   8.6016647e-05
   9.0118161e-05
   9.3822355e-05
   9.6851819e-05
   9.9821037e-05
   1.0273329e-04
   1.0532902e-04
   1.0762071e-04
   1.0934847e-04
   1.1036753e-04
   1.1109290e-04
   1.1148064e-04
   1.1077754e-04
   1.0902756e-04
   1.0573752e-04
   1.0087898e-04
   9.6132782e-05
   9.1761377e-05
   8.7776319e-05
   8.4461171e-05
   8.1262013e-05
   7.8171821e-05
   7.5490538e-05
   7.3210174e-05
   7.1455519e-05
   7.0347084e-05
   6.9506091e-05
   6.8956693e-05
   6.9431871e-05
   7.0896013e-05
   7.3777198e-05
   7.8104692e-05
   8.2345923e-05
   8.6255362e-05
   8.9848726e-05
   9.2866904e-05
   9.5761232e-05
   9.8537801e-05
   1.0090030e-04
   1.0285021e-04
   1.0436459e-04
   1.0535092e-04
   1.0611242e-04
   1.0663803e-04
   1.0630091e-04
   1.0512411e-04
   1.0277328e-04
   9.9220350e-05
   9.5699738e-05
   9.2408825e-05
   8.9332432e-05
   8.6678254e-05
   8.4080672e-05
   8.1534359e-05
   7.9274558e-05
   7.7299491e-05
   7.5636295e-05
   7.4361042e-05
   7.3224708e-05
   7.2237301e-05
   7.1908472e-05
   7.2217993e-05
   7.3445927e-05
   7.5614388e-05
   7.7704562e-05
   7.9557537e-05
   8.1163990e-05
   8.2352845e-05
   8.3472414e-05
   8.4527069e-05
   8.5344049e-05
   8.5930246e-05
   8.6178319e-05
   8.6008218e-05
   8.5675000e-05
   8.5161225e-05
   8.3988899e-05
   8.2185259e-05
   7.9460992e-05
   7.5799171e-05
   7.2231705e-05
   6.8926564e-05
   6.5865230e-05
   6.3223204e-05
   6.0718461e-05
   5.8346784e-05
   5.6321659e-05
   5.4644186e-05
   5.3283913e-05
   5.2296402e-05
   5.1484645e-05
   5.0849560e-05
   5.0822194e-05
   5.1392557e-05
   5.2756262e-05
   5.4936432e-05
   5.7145965e-05
   5.9243084e-05
   6.1337571e-05
   6.3298353e-05
   6.5157086e-05
   6.6923605e-05
   6.8347454e-05
   6.9413056e-05
   7.0501451e-05
   7.1641189e-05
   7.2833007e-05
   7.4123805e-05
   7.5328526e-05
   7.6419027e-05
   7.7477839e-05
   7.8480192e-05
   7.9404259e-05
   8.0277491e-05
   8.0895193e-05
   8.1247662e-05
   8.1730646e-05
   8.2330715e-05
   8.3224735e-05
   8.4443445e-05
   8.5239710e-05
   8.5463641e-05
   8.5426851e-05
   8.5028285e-05
   8.3963243e-05
   8.2303204e-05
   7.9565660e-05
   7.5761891e-05
   7.2183214e-05
   6.8997225e-05
   6.6433959e-05
   6.4717921e-05
   6.3009114e-05
   6.1314874e-05
   5.9679825e-05
   5.8063742e-05
   5.7337689e-05
   5.7749753e-05
   5.8673791e-05
   6.0230976e-05
   6.3321779e-05
   6.7845050e-05
   7.4619936e-05
   8.3659574e-05
   9.2427226e-05
   1.0053641e-04
   1.0787871e-04
   1.1401841e-04
   1.1993128e-04
   1.2561958e-04
   1.3068307e-04
   1.3514149e-04
   1.3855546e-04
   1.4068994e-04
   1.4221650e-04
   1.4306252e-04
   1.4201486e-04
   1.3914425e-04
   1.3366379e-04
   1.2552699e-04
   1.1744190e-04
   1.0984623e-04
   1.0267658e-04
   9.6390873e-05
   9.0272953e-05
   8.4309288e-05
   7.9069941e-05
   7.4560214e-05
   7.0643180e-05
   6.7446832e-05
   6.4524295e-05
   6.1873772e-05
   6.0509479e-05
   6.0413496e-05
   6.2046307e-05
   6.5463709e-05
   6.8858334e-05
   7.1933419e-05
   7.4785399e-05
   7.7115282e-05
   7.9331145e-05
   8.1448302e-05
   8.3066140e-05
   8.4179780e-05
   8.4998765e-05
   8.5464121e-05
   8.5837895e-05
   8.6141103e-05
   8.5736495e-05
   8.4633429e-05
   8.2579276e-05
   7.9541640e-05
   7.6586795e-05
   7.3887514e-05
   7.1424514e-05
   6.9376352e-05
   6.7429368e-05
   6.5579386e-05
   6.4023073e-05
   6.2758456e-05
   6.1824194e-05
   6.1288580e-05
   6.0924987e-05
   6.0742837e-05
   6.1193477e-05
   6.2253942e-05
   6.4187534e-05
   6.7009732e-05
   6.9780935e-05
   7.2359885e-05
   7.4689313e-05
   7.6608823e-05
   7.8529353e-05
   8.0449404e-05
   8.2254918e-05
   8.3957436e-05
   8.5270704e-05
   8.6083701e-05
   8.6697153e-05
   8.7067725e-05
   8.6699090e-05
   8.5633246e-05
   8.3481806e-05
   8.0233123e-05
   7.7130361e-05
   7.4353400e-05
   7.2008486e-05
   7.0307909e-05
   6.8652592e-05
   6.7043832e-05
   6.5613131e-05
   6.4339081e-05
   6.3682949e-05
   6.3807478e-05
   6.4274200e-05
   6.5149826e-05
   6.7132876e-05
   7.0159990e-05
   7.4788891e-05
   8.1034639e-05
   8.7107993e-05
   9.2739509e-05
   9.7832392e-05
   1.0208000e-04
   1.0622131e-04
   1.1025633e-04
   1.1393259e-04
   1.1726866e-04
   1.1984237e-04
   1.2146566e-04
   1.2266333e-04
   1.2336955e-04
   1.2267756e-04
   1.2065061e-04
   1.1664977e-04
   1.1064557e-04
   1.0477035e-04
   9.9357002e-05
   9.4431820e-05
   9.0356709e-05
   8.6417009e-05
   8.2605621e-05
   7.9301975e-05
   7.6496299e-05
   7.4366213e-05
   7.3070864e-05
   7.2117001e-05
   7.1538826e-05
   7.2290485e-05
   7.4327774e-05
   7.8203298e-05
   8.3957927e-05
   8.9603741e-05
   9.4814034e-05
   9.9670470e-05
   1.0383872e-04
   1.0778367e-04
   1.1151886e-04
   1.1459729e-04
   1.1701230e-04
   1.1898316e-04
   1.2043786e-04
   1.2168053e-04
   1.2273163e-04
   1.2284939e-04
   1.2203887e-04
   1.2002980e-04
   1.1677813e-04
   1.1349055e-04
   1.1038995e-04
   1.0727419e-04
   1.0434274e-04
   1.0160637e-04
   9.9048847e-05
   9.7074403e-05
   9.5712017e-05
   9.4279506e-05
   9.2710484e-05
   9.1062351e-05
   8.9250584e-05
   8.7479528e-05
   8.5799501e-05
   8.4022455e-05
   8.2181838e-05
   8.0526451e-05
   7.9064036e-05
   7.8002672e-05
   7.7391779e-05
   7.6772542e-05
   7.6155548e-05
   7.5422393e-05
   7.4541072e-05
   7.4221987e-05
   7.4623274e-05
   7.5382382e-05
   7.6594065e-05
   7.8685296e-05
   8.1586677e-05
   8.5792368e-05
   9.1301369e-05
   9.6661797e-05
   1.0164483e-04
   1.0623086e-04
   1.1016884e-04
   1.1391411e-04
   1.1746993e-04
   1.2054939e-04
   1.2315344e-04
   1.2524714e-04
   1.2673805e-04
   1.2791064e-04
   1.2875040e-04
   1.2866062e-04
   1.2765540e-04
   1.2544136e-04
   1.2198473e-04
   1.1841045e-04
   1.1491877e-04
   1.1135351e-04
   1.0790122e-04
   1.0451393e-04
   1.0117793e-04
   9.8246601e-05
   9.5743285e-05
   9.3130449e-05
   9.0364079e-05
   8.7478058e-05
   8.4409503e-05
   8.1350812e-05
   7.8343528e-05
   7.5264160e-05
   7.2142933e-05
   6.9122476e-05
   6.6213359e-05
   6.3524369e-05
