   2.3835842e-02
   1.0319202e-02
   7.9376313e-03
   3.3109447e-02
   6.5280090e-02
   9.7100075e-02
   1.2729814e-01
   1.5644378e-01
   1.8327871e-01
   2.0882156e-01
   2.3311929e-01
   2.5414040e-01
   2.7177683e-01
   2.8823129e-01
   3.0350770e-01
   3.1800647e-01
   3.3196383e-01
   3.4339260e-01
   3.5213048e-01
   3.5820086e-01
   3.6139840e-01
   3.6321987e-01
   3.6406743e-01
   3.6275529e-01
   3.5949401e-01
   3.5601828e-01
   3.5224747e-01
   3.4945434e-01
   3.4781596e-01
   3.4323028e-01
   3.3495060e-01
   3.2454137e-01
   3.1147568e-01
   2.9442234e-01
   2.7376323e-01
   2.4718389e-01
   2.1476112e-01
   1.8281011e-01
   1.5229552e-01
   1.2360151e-01
   9.7844052e-02
   7.2555499e-02
   4.7754975e-02
   2.4482285e-02
   2.7104958e-03
   1.6461519e-02
   3.2433757e-02
   4.6782787e-02
   5.9302409e-02
   6.7063752e-02
   7.0194328e-02
   6.6846363e-02
   5.6871007e-02
   4.6598495e-02
   3.7072699e-02
   2.7854137e-02
   1.9992314e-02
   1.2329677e-02
   4.8007293e-03
   1.0126458e-03
   5.0656081e-03
   8.7556257e-03
   1.2011793e-02
   1.5388606e-02
   1.9036818e-02
   2.1129657e-02
   2.1605421e-02
   2.0110167e-02
   1.6504249e-02
   1.2969002e-02
   9.8935918e-03
   6.9108275e-03
   4.3633677e-03
   2.1616457e-03
   2.6524731e-04
   6.8303225e-04
   6.5449225e-04
   6.3417445e-04
   7.0180755e-04
   9.0593310e-04
   1.3793498e-03
   1.6133688e-03
   1.5687856e-03
   1.3581387e-03
   9.4444819e-04
   5.2659255e-04
   1.6021742e-04
   2.4444248e-04
   6.5434121e-04
   9.7979633e-04
   1.2197110e-03
   1.2902775e-03
   1.1778388e-03
   1.0779086e-03
   1.0126190e-03
   9.6947795e-04
   9.7474346e-04
   9.6510929e-04
   9.3304100e-04
   9.1286567e-04
   9.0032462e-04
   8.8315729e-04
   8.6380318e-04
   8.3251246e-04
   7.8796746e-04
   7.5188510e-04
   7.2579922e-04
   7.1149979e-04
   7.1140980e-04
   7.0930826e-04
   7.0283611e-04
   6.9547308e-04
   6.8518540e-04
   6.7383864e-04
   6.6210160e-04
   6.4634979e-04
   6.2670740e-04
   6.0831316e-04
   5.9166700e-04
   5.7708957e-04
   5.6534210e-04
   5.5406593e-04
   5.4306476e-04
   5.3323519e-04
   5.2439333e-04
   5.1672357e-04
   5.1041035e-04
   5.0473663e-04
   4.9970511e-04
   4.9647500e-04
   4.9499078e-04
   4.9577929e-04
   4.9888858e-04
   5.0219740e-04
   5.0533148e-04
   5.0847480e-04
   5.1126502e-04
   5.1398150e-04
   5.1663404e-04
   5.1864834e-04
   5.1998997e-04
   5.2125995e-04
   5.2244974e-04
   5.2369527e-04
   5.2505796e-04
   5.2593368e-04
   5.2628242e-04
   5.2605141e-04
   5.2518305e-04
   5.2424213e-04
   5.2334196e-04
   5.2227001e-04
   5.2110769e-04
   5.2003767e-04
   5.1903850e-04
   5.1836878e-04
   5.1804955e-04
   5.1742319e-04
   5.1638478e-04
   5.1509692e-04
   5.1346970e-04
   5.1144592e-04
   5.0907128e-04
   5.0605913e-04
   5.0242054e-04
   4.9882293e-04
   4.9535962e-04
   4.9208692e-04
   4.8911980e-04
   4.8615894e-04
   4.8320223e-04
   4.8034709e-04
   4.7758402e-04
   4.7507047e-04
   4.7287528e-04
   4.7081142e-04
   4.6890370e-04
   4.6747477e-04
   4.6650596e-04
   4.6620986e-04
   4.6660062e-04
   4.6694877e-04
   4.6712950e-04
   4.6721009e-04
   4.6706842e-04
   4.6679584e-04
   4.6639943e-04
   4.6567788e-04
   4.6462129e-04
   4.6346788e-04
   4.6222664e-04
   4.6091295e-04
   4.5955371e-04
   4.5800191e-04
   4.5624262e-04
   4.5429365e-04
   4.5214105e-04
   4.4984766e-04
   4.4742330e-04
   4.4486632e-04
   4.4218600e-04
   4.3935161e-04
   4.3636586e-04
   4.3321957e-04
   4.2991418e-04
   4.2651142e-04
   4.2302174e-04
   4.1945516e-04
   4.1582496e-04
   4.1208649e-04
   4.0823240e-04
   4.0432138e-04
   4.0034446e-04
   3.9627305e-04
   3.9216014e-04
   3.8766915e-04
   3.8279440e-04
   3.7824201e-04
   3.7399445e-04
   3.7039380e-04
   3.6750207e-04
   3.6395112e-04
   3.5947395e-04
   3.5464842e-04
   3.4929546e-04
   3.4287429e-04
   3.3553056e-04
   3.2634989e-04
   3.1536706e-04
   3.0500571e-04
   2.9555608e-04
   2.8764446e-04
   2.8169879e-04
   2.7576482e-04
   2.6987311e-04
   2.6391768e-04
   2.5779443e-04
   2.5390680e-04
   2.5287310e-04
   2.5320283e-04
   2.5522701e-04
   2.6093473e-04
   2.7005776e-04
   2.8464353e-04
   3.0469880e-04
   3.2412147e-04
   3.4202677e-04
   3.5786194e-04
   3.7057218e-04
   3.8307614e-04
   3.9536008e-04
   4.0673325e-04
   4.1728902e-04
   4.2485852e-04
   4.2865399e-04
   4.3075953e-04
   4.3085050e-04
   4.2554737e-04
   4.1512839e-04
   3.9697195e-04
   3.7098293e-04
   3.4562592e-04
   3.2220437e-04
   3.0092065e-04
   2.8321369e-04
   2.6606897e-04
   2.4946163e-04
   2.3482374e-04
   2.2210090e-04
   2.1230578e-04
   2.0612862e-04
   2.0149212e-04
   1.9857223e-04
   2.0125849e-04
   2.0934706e-04
   2.2520826e-04
   2.4899823e-04
   2.7235259e-04
   2.9390787e-04
   3.1392271e-04
   3.3098563e-04
   3.4720006e-04
   3.6261401e-04
   3.7541809e-04
   3.8559188e-04
   3.9376411e-04
   3.9957739e-04
   4.0438250e-04
   4.0822064e-04
   4.0794634e-04
   4.0360461e-04
   3.9388654e-04
   3.7861670e-04
   3.6321234e-04
   3.4861422e-04
   3.3427050e-04
   3.2108092e-04
   3.0837904e-04
   2.9611222e-04
   2.8575112e-04
   2.7736580e-04
   2.6927768e-04
   2.6146155e-04
   2.5359994e-04
   2.4549886e-04
   2.3862332e-04
   2.3306185e-04
   2.2887848e-04
   2.2619806e-04
   2.2373655e-04
   2.2123441e-04
   2.1909631e-04
   2.1712749e-04
   2.1504570e-04
   2.1288376e-04
   2.1012573e-04
   2.0672715e-04
   2.0385914e-04
   2.0168702e-04
   1.9998728e-04
   1.9891627e-04
   1.9842739e-04
   1.9844541e-04
   1.9938772e-04
   2.0122848e-04
   2.0309163e-04
   2.0485080e-04
   2.0645495e-04
   2.0775091e-04
   2.0906395e-04
   2.1039672e-04
   2.1158223e-04
   2.1262400e-04
   2.1346042e-04
   2.1403188e-04
   2.1448582e-04
   2.1480449e-04
   2.1468680e-04
   2.1413582e-04
   2.1299130e-04
   2.1123195e-04
   2.0942290e-04
   2.0765689e-04
   2.0587501e-04
   2.0416802e-04
   2.0245950e-04
   2.0074176e-04
   1.9916097e-04
   1.9772326e-04
   1.9625840e-04
   1.9475706e-04
   1.9322801e-04
   1.9165361e-04
   1.9009374e-04
   1.8855722e-04
   1.8704001e-04
   1.8554654e-04
   1.8408345e-04
   1.8268388e-04
   1.8116076e-04
   1.7951587e-04
   1.7814715e-04
   1.7704354e-04
   1.7641330e-04
   1.7629124e-04
   1.7587231e-04
   1.7500106e-04
   1.7400550e-04
   1.7277875e-04
   1.7102541e-04
   1.6883144e-04
   1.6565254e-04
   1.6151099e-04
   1.5780862e-04
   1.5469564e-04
   1.5263055e-04
   1.5185982e-04
   1.5104788e-04
   1.5021459e-04
   1.4920117e-04
   1.4792612e-04
   1.4816653e-04
   1.5035785e-04
   1.5343972e-04
   1.5765004e-04
   1.6435562e-04
   1.7335744e-04
   1.8610368e-04
   2.0259223e-04
   2.1850330e-04
   2.3319603e-04
   2.4634477e-04
   2.5720043e-04
   2.6767745e-04
   2.7776844e-04
   2.8690511e-04
   2.9513956e-04
   3.0123777e-04
   3.0469947e-04
   3.0688076e-04
   3.0759245e-04
   3.0454505e-04
   2.9790380e-04
   2.8601956e-04
   2.6881704e-04
   2.5177396e-04
   2.3576597e-04
   2.2073271e-04
   2.0760434e-04
   1.9481874e-04
   1.8235288e-04
   1.7131570e-04
   1.6170983e-04
   1.5345758e-04
   1.4685879e-04
   1.4092704e-04
   1.3568618e-04
   1.3327327e-04
   1.3363670e-04
   1.3782278e-04
   1.4594492e-04
   1.5402339e-04
   1.6140421e-04
   1.6830244e-04
   1.7405805e-04
   1.7954998e-04
   1.8481232e-04
   1.8894452e-04
   1.9193327e-04
   1.9429699e-04
   1.9591523e-04
   1.9734315e-04
   1.9863365e-04
   1.9839527e-04
   1.9663866e-04
   1.9285544e-04
   1.8696823e-04
   1.8121534e-04
   1.7597527e-04
   1.7109597e-04
   1.6694902e-04
   1.6309191e-04
   1.5950699e-04
   1.5671411e-04
   1.5472537e-04
   1.5319056e-04
   1.5216900e-04
   1.5134921e-04
   1.5069180e-04
   1.5100132e-04
   1.5227207e-04
   1.5477729e-04
   1.5856033e-04
   1.6235393e-04
   1.6593525e-04
   1.6942308e-04
   1.7260504e-04
   1.7565638e-04
   1.7858597e-04
   1.8106394e-04
   1.8307434e-04
   1.8494865e-04
   1.8667818e-04
   1.8837388e-04
   1.9007315e-04
   1.9138405e-04
   1.9229357e-04
   1.9273509e-04
   1.9268010e-04
   1.9258856e-04
   1.9254699e-04
   1.9246493e-04
   1.9241618e-04
   1.9241576e-04
   1.9245714e-04
   1.9268871e-04
   1.9312185e-04
   1.9349717e-04
   1.9378610e-04
   1.9402376e-04
   1.9417788e-04
   1.9429209e-04
   1.9438138e-04
   1.9438309e-04
   1.9430295e-04
   1.9426013e-04
   1.9428428e-04
   1.9430242e-04
   1.9433463e-04
   1.9450374e-04
   1.9480227e-04
   1.9534391e-04
   1.9614038e-04
   1.9684912e-04
   1.9741234e-04
   1.9792654e-04
   1.9834447e-04
   1.9862661e-04
   1.9880828e-04
   1.9867757e-04
   1.9825027e-04
   1.9798235e-04
   1.9789094e-04
   1.9831674e-04
   1.9934160e-04
   2.0014070e-04
   2.0073127e-04
   2.0087039e-04
   2.0049783e-04
   2.0095461e-04
   2.0253250e-04
   2.0456242e-04
   2.0722242e-04
   2.1126809e-04
   2.1655602e-04
   2.2406355e-04
   2.3377401e-04
   2.4292933e-04
   2.5115213e-04
   2.5804156e-04
   2.6311724e-04
   2.6798807e-04
   2.7264053e-04
   2.7689405e-04
   2.8081734e-04
   2.8288707e-04
   2.8263751e-04
   2.8127181e-04
   2.7857573e-04
   2.7274305e-04
   2.6395673e-04
   2.5067967e-04
   2.3287685e-04
   2.1541529e-04
   1.9905542e-04
   1.8389260e-04
   1.7076183e-04
   1.5801661e-04
   1.4564808e-04
   1.3453034e-04
   1.2464686e-04
   1.1641499e-04
   1.1020199e-04
   1.0491424e-04
   1.0063787e-04
   9.9505297e-05
   1.0142672e-04
   1.0763425e-04
   1.1822620e-04
   1.2879523e-04
   1.3861834e-04
   1.4789910e-04
   1.5589931e-04
   1.6361587e-04
   1.7108060e-04
   1.7729284e-04
   1.8223391e-04
   1.8645155e-04
   1.8980513e-04
   1.9289083e-04
   1.9575776e-04
   1.9689121e-04
   1.9629404e-04
   1.9341684e-04
   1.8816804e-04
   1.8294866e-04
   1.7816435e-04
   1.7361839e-04
   1.6970515e-04
   1.6600102e-04
   1.6248198e-04
   1.5972850e-04
   1.5775595e-04
   1.5607851e-04
   1.5473435e-04
   1.5344922e-04
   1.5216636e-04
   1.5167078e-04
   1.5196679e-04
   1.5327324e-04
   1.5563575e-04
   1.5793561e-04
   1.5998149e-04
   1.6185105e-04
   1.6335878e-04
   1.6473080e-04
   1.6597504e-04
   1.6683919e-04
   1.6731801e-04
   1.6755937e-04
   1.6752634e-04
   1.6740256e-04
   1.6720534e-04
   1.6649014e-04
   1.6526536e-04
   1.6336207e-04
   1.6075877e-04
   1.5820591e-04
   1.5583745e-04
   1.5357706e-04
   1.5155153e-04
   1.4967615e-04
   1.4794524e-04
   1.4656822e-04
   1.4555611e-04
   1.4466744e-04
   1.4390088e-04
   1.4319535e-04
   1.4252192e-04
   1.4212581e-04
   1.4202023e-04
   1.4221403e-04
   1.4272872e-04
   1.4333106e-04
   1.4395680e-04
   1.4477791e-04
   1.4575851e-04
   1.4663724e-04
   1.4742517e-04
   1.4792098e-04
   1.4809755e-04
   1.4858560e-04
   1.4949589e-04
   1.5061220e-04
   1.5201731e-04
   1.5386400e-04
   1.5609294e-04
   1.5906201e-04
   1.6275462e-04
   1.6626960e-04
   1.6949848e-04
   1.7221727e-04
   1.7426666e-04
   1.7635046e-04
   1.7845859e-04
   1.8061439e-04
   1.8285455e-04
   1.8434255e-04
   1.8485902e-04
   1.8493566e-04
   1.8445661e-04
   1.8269917e-04
   1.7975509e-04
   1.7490598e-04
   1.6814543e-04
   1.6163736e-04
   1.5570367e-04
   1.5048092e-04
   1.4634123e-04
   1.4236533e-04
   1.3855309e-04
   1.3520583e-04
   1.3229884e-04
   1.3036848e-04
   1.2964682e-04
   1.2949130e-04
   1.2998469e-04
   1.3222868e-04
   1.3614644e-04
   1.4251228e-04
   1.5136267e-04
   1.6010445e-04
   1.6832491e-04
   1.7603730e-04
   1.8280103e-04
   1.8938813e-04
   1.9580822e-04
   2.0155344e-04
   2.0662528e-04
   2.1099190e-04
   2.1449713e-04
   2.1764137e-04
   2.2040445e-04
   2.2173787e-04
   2.2167362e-04
   2.1966714e-04
   2.1566580e-04
   2.1169336e-04
   2.0807916e-04
   2.0473833e-04
   2.0200766e-04
   1.9939658e-04
   1.9688914e-04
   1.9492558e-04
   1.9350899e-04
   1.9245483e-04
   1.9184148e-04
   1.9134443e-04
   1.9094677e-04
   1.9140753e-04
   1.9271398e-04
   1.9517537e-04
   1.9883186e-04
   2.0238249e-04
   2.0560264e-04
   2.0860687e-04
   2.1117845e-04
   2.1351198e-04
   2.1561901e-04
   2.1716411e-04
   2.1813423e-04
   2.1886269e-04
   2.1934177e-04
   2.1968672e-04
   2.1993705e-04
   2.1969885e-04
   2.1896085e-04
   2.1766039e-04
   2.1577078e-04
   2.1375497e-04
   2.1170423e-04
   2.0951891e-04
   2.0727580e-04
   2.0501763e-04
   2.0274068e-04
   2.0060821e-04
   1.9863756e-04
   1.9652630e-04
   1.9423992e-04
   1.9184267e-04
   1.8930069e-04
   1.8663245e-04
   1.8386238e-04
   1.8090024e-04
   1.7775658e-04
   1.7465478e-04
   1.7164695e-04
   1.6865631e-04
   1.6572506e-04
   1.6297281e-04
   1.6039762e-04
   1.5814226e-04
   1.5622658e-04
   1.5428158e-04
   1.5224819e-04
   1.5026239e-04
   1.4828019e-04
   1.4621033e-04
   1.4409457e-04
   1.4171246e-04
   1.3907826e-04
   1.3676132e-04
   1.3483018e-04
   1.3343964e-04
   1.3269104e-04
   1.3211549e-04
   1.3171870e-04
   1.3147840e-04
   1.3136664e-04
   1.3195024e-04
   1.3337890e-04
   1.3525688e-04
   1.3765697e-04
   1.4113101e-04
   1.4561262e-04
   1.5158774e-04
   1.5906249e-04
   1.6646595e-04
   1.7352545e-04
   1.8034494e-04
   1.8665132e-04
   1.9267569e-04
   1.9842388e-04
   2.0346408e-04
   2.0777090e-04
   2.1178751e-04
   2.1550823e-04
   2.1901486e-04
   2.2235122e-04
   2.2510135e-04
   2.2722867e-04
   2.2873169e-04
   2.2956527e-04
   2.3004184e-04
   2.3024156e-04
   2.2992744e-04
   2.2914245e-04
   2.2822233e-04
   2.2715060e-04
   2.2617802e-04
   2.2533974e-04
   2.2383200e-04
   2.2150728e-04
   2.1868700e-04
   2.1526991e-04
   2.1096624e-04
   2.0585151e-04
   1.9947523e-04
   1.9185071e-04
   1.8425734e-04
   1.7691005e-04
   1.6978055e-04
   1.6309585e-04
   1.5658098e-04
   1.5023654e-04
   1.4438160e-04
   1.3903295e-04
   1.3398466e-04
   1.2927325e-04
   1.2478435e-04
   1.2050656e-04
   1.1682018e-04
   1.1374666e-04
   1.1137074e-04
   1.0973057e-04
   1.0837394e-04
   1.0721291e-04
   1.0641023e-04
   1.0589916e-04
   1.0553502e-04
   1.0533336e-04
   1.0508204e-04
   1.0476092e-04
   1.0490473e-04
   1.0559978e-04
   1.0667861e-04
   1.0820848e-04
   1.1029134e-04
   1.1288126e-04
   1.1622906e-04
   1.2032238e-04
   1.2449067e-04
   1.2861819e-04
   1.3273114e-04
   1.3670856e-04
   1.4065869e-04
   1.4457978e-04
   1.4828482e-04
   1.5175911e-04
   1.5517992e-04
   1.5854190e-04
   1.6185444e-04
   1.6512914e-04
   1.6822740e-04
   1.7112618e-04
   1.7383634e-04
   1.7633531e-04
   1.7866506e-04
   1.8083286e-04
   1.8277837e-04
   1.8450056e-04
   1.8606938e-04
   1.8747608e-04
   1.8875997e-04
   1.8992386e-04
   1.9080419e-04
   1.9136513e-04
   1.9168083e-04
   1.9172872e-04
   1.9141802e-04
   1.9076026e-04
   1.8966501e-04
   1.8812964e-04
   1.8644459e-04
   1.8467329e-04
   1.8271399e-04
   1.8061722e-04
   1.7851393e-04
   1.7639966e-04
   1.7444046e-04
   1.7265839e-04
   1.7063226e-04
   1.6829574e-04
   1.6580118e-04
   1.6309968e-04
   1.6009241e-04
   1.5682594e-04
   1.5306864e-04
   1.4883721e-04
   1.4475297e-04
   1.4090571e-04
   1.3739539e-04
   1.3433594e-04
   1.3137421e-04
   1.2851888e-04
   1.2581895e-04
   1.2326461e-04
   1.2119118e-04
   1.1970466e-04
   1.1855214e-04
   1.1778477e-04
   1.1779266e-04
   1.1854122e-04
   1.2036140e-04
   1.2326448e-04
   1.2621727e-04
   1.2905978e-04
   1.3177968e-04
   1.3420129e-04
   1.3666507e-04
   1.3917411e-04
   1.4153967e-04
   1.4376440e-04
   1.4577918e-04
   1.4751153e-04
   1.4917150e-04
   1.5074171e-04
   1.5180404e-04
   1.5237416e-04
   1.5220452e-04
   1.5127450e-04
   1.5044079e-04
   1.4983119e-04
   1.4946598e-04
   1.4948642e-04
   1.4956363e-04
   1.4969116e-04
   1.4999844e-04
   1.5047359e-04
   1.5126087e-04
   1.5243707e-04
   1.5375310e-04
   1.5522800e-04
   1.5730018e-04
   1.5993860e-04
   1.6342292e-04
   1.6776561e-04
   1.7197335e-04
   1.7587952e-04
   1.7952001e-04
   1.8272445e-04
   1.8571834e-04
   1.8850564e-04
   1.9085721e-04
   1.9276712e-04
   1.9435369e-04
   1.9558090e-04
   1.9659703e-04
   1.9741270e-04
   1.9765486e-04
   1.9732341e-04
   1.9629392e-04
   1.9454279e-04
   1.9265573e-04
   1.9074853e-04
   1.8867929e-04
   1.8654521e-04
   1.8444399e-04
   1.8236748e-04
   1.8055349e-04
   1.7902664e-04
   1.7728667e-04
   1.7526578e-04
   1.7309543e-04
   1.7071617e-04
   1.6810076e-04
   1.6529398e-04
   1.6208672e-04
   1.5849602e-04
   1.5504000e-04
   1.5180247e-04
   1.4880205e-04
   1.4613281e-04
   1.4363638e-04
   1.4131362e-04
   1.3928071e-04
   1.3753931e-04
   1.3607720e-04
   1.3492692e-04
   1.3398139e-04
   1.3324239e-04
   1.3295426e-04
   1.3311856e-04
   1.3381258e-04
   1.3505581e-04
   1.3645674e-04
   1.3791497e-04
   1.3967492e-04
   1.4167319e-04
   1.4353700e-04
   1.4528108e-04
   1.4659223e-04
   1.4742726e-04
   1.4873330e-04
   1.5067676e-04
   1.5290232e-04
   1.5552954e-04
   1.5883837e-04
   1.6273339e-04
   1.6776758e-04
   1.7391547e-04
   1.7971209e-04
   1.8495850e-04
   1.8940678e-04
   1.9279685e-04
   1.9602665e-04
   1.9908453e-04
   2.0188675e-04
   2.0447074e-04
   2.0595166e-04
   2.0606408e-04
   2.0548010e-04
   2.0407435e-04
   2.0084322e-04
   1.9588669e-04
   1.8835065e-04
   1.7821291e-04
   1.6818203e-04
   1.5869194e-04
   1.4972200e-04
