   1.1900017e-02
   1.0555173e-03
   1.8052219e-02
   4.1190892e-02
   7.0517220e-02
   9.9247603e-02
   1.2626501e-01
   1.5173330e-01
   1.7448445e-01
   1.9617264e-01
   2.1682132e-01
   2.3489269e-01
   2.5034941e-01
   2.6385323e-01
   2.7513354e-01
   2.8517686e-01
   2.9402393e-01
   2.9921230e-01
   3.0073329e-01
   2.9770702e-01
   2.8996678e-01
   2.8141524e-01
   2.7278545e-01
   2.6326664e-01
   2.5349539e-01
   2.4379364e-01
   2.3409765e-01
   2.2584674e-01
   2.1916167e-01
   2.1127252e-01
   2.0184351e-01
   1.9139329e-01
   1.7958528e-01
   1.6667258e-01
   1.5288515e-01
   1.3723027e-01
   1.1982230e-01
   1.0276376e-01
   8.6343790e-02
   7.0986172e-02
   5.7086383e-02
   4.3356822e-02
   2.9831568e-02
   1.6674431e-02
   3.8508348e-03
   7.4196361e-03
   1.6757810e-02
   2.5020999e-02
   3.2016723e-02
   3.6423392e-02
   3.8343218e-02
   3.6670119e-02
   3.1349526e-02
   2.5826357e-02
   2.0657091e-02
   1.5665993e-02
   1.1428234e-02
   7.2191922e-03
   3.0062685e-03
   3.7806157e-04
   2.9150041e-03
   5.2238789e-03
   7.2385280e-03
   9.2971437e-03
   1.1459671e-02
   1.2708707e-02
   1.3015583e-02
   1.2128270e-02
   9.9683170e-03
   7.8557036e-03
   6.0205648e-03
   4.2547880e-03
   2.7650930e-03
   1.4722873e-03
   3.5047708e-04
   2.1773734e-04
   2.1795978e-04
   2.2024303e-04
   2.6938285e-04
   3.9864999e-04
   6.8502528e-04
   8.2594106e-04
   7.9869762e-04
   6.6609466e-04
   4.0609257e-04
   1.4449612e-04
   8.4691605e-05
   3.3502827e-04
   5.8574297e-04
   7.8583143e-04
   9.3490583e-04
   9.8145641e-04
   9.1751316e-04
   8.6059111e-04
   8.2384401e-04
   8.0039039e-04
   8.0603479e-04
   8.0173743e-04
   7.8299460e-04
   7.7008414e-04
   7.6039151e-04
   7.4804875e-04
   7.3475153e-04
   7.1466027e-04
   6.8722934e-04
   6.6494490e-04
   6.4872011e-04
   6.3984429e-04
   6.3975461e-04
   6.3898650e-04
   6.3626200e-04
   6.3322903e-04
   6.2870357e-04
   6.2457180e-04
   6.2117286e-04
   6.1686346e-04
   6.1173310e-04
   6.0705352e-04
   6.0284911e-04
   5.9919565e-04
   5.9623660e-04
   5.9333711e-04
   5.9037523e-04
   5.8765218e-04
   5.8507812e-04
   5.8225088e-04
   5.7907001e-04
   5.7569414e-04
   5.7204808e-04
   5.6782915e-04
   5.6307881e-04
   5.5739763e-04
   5.5078455e-04
   5.4436110e-04
   5.3828682e-04
   5.3265415e-04
   5.2765413e-04
   5.2276173e-04
   5.1797476e-04
   5.1342988e-04
   5.0910769e-04
   5.0535929e-04
   5.0231802e-04
   4.9961382e-04
   4.9729724e-04
   4.9597437e-04
   4.9559686e-04
   4.9660927e-04
   4.9902883e-04
   5.0137653e-04
   5.0341346e-04
   5.0515935e-04
   5.0636167e-04
   5.0742814e-04
   5.0836412e-04
   5.0886219e-04
   5.0891970e-04
   5.0858317e-04
   5.0777569e-04
   5.0675506e-04
   5.0551814e-04
   5.0349158e-04
   5.0068619e-04
   4.9683782e-04
   4.9191455e-04
   4.8695249e-04
   4.8212828e-04
   4.7734850e-04
   4.7278500e-04
   4.6828593e-04
   4.6384132e-04
   4.5972191e-04
   4.5593898e-04
   4.5221287e-04
   4.4854610e-04
   4.4486670e-04
   4.4114361e-04
   4.3766163e-04
   4.3443445e-04
   4.3149775e-04
   4.2887447e-04
   4.2627094e-04
   4.2363604e-04
   4.2101431e-04
   4.1836061e-04
   4.1570431e-04
   4.1305098e-04
   4.1032545e-04
   4.0752615e-04
   4.0474677e-04
   4.0199070e-04
   3.9928500e-04
   3.9664322e-04
   3.9397639e-04
   3.9128512e-04
   3.8855333e-04
   3.8577803e-04
   3.8307363e-04
   3.8045807e-04
   3.7794666e-04
   3.7555976e-04
   3.7323084e-04
   3.7096190e-04
   3.6875586e-04
   3.6661035e-04
   3.6460419e-04
   3.6276026e-04
   3.6101964e-04
   3.5939315e-04
   3.5796645e-04
   3.5672868e-04
   3.5576105e-04
   3.5506335e-04
   3.5438654e-04
   3.5369520e-04
   3.5295643e-04
   3.5212636e-04
   3.5134267e-04
   3.5060287e-04
   3.4988973e-04
   3.4920746e-04
   3.4842346e-04
   3.4749732e-04
   3.4652263e-04
   3.4547890e-04
   3.4422774e-04
   3.4278411e-04
   3.4101264e-04
   3.3891128e-04
   3.3687475e-04
   3.3495245e-04
   3.3321920e-04
   3.3174227e-04
   3.3024641e-04
   3.2873390e-04
   3.2720446e-04
   3.2564372e-04
   3.2436209e-04
   3.2344224e-04
   3.2268148e-04
   3.2212274e-04
   3.2204073e-04
   3.2239831e-04
   3.2347883e-04
   3.2528223e-04
   3.2697149e-04
   3.2843318e-04
   3.2954166e-04
   3.3015191e-04
   3.3076768e-04
   3.3138432e-04
   3.3195853e-04
   3.3251237e-04
   3.3254390e-04
   3.3190447e-04
   3.3097172e-04
   3.2967475e-04
   3.2745804e-04
   3.2438174e-04
   3.1994779e-04
   3.1414748e-04
   3.0852269e-04
   3.0330307e-04
   2.9858308e-04
   2.9462705e-04
   2.9077908e-04
   2.8703854e-04
   2.8361763e-04
   2.8049789e-04
   2.7806774e-04
   2.7649426e-04
   2.7530853e-04
   2.7456942e-04
   2.7507891e-04
   2.7677997e-04
   2.8023505e-04
   2.8546995e-04
   2.9059303e-04
   2.9530077e-04
   2.9961365e-04
   3.0321001e-04
   3.0662892e-04
   3.0987789e-04
   3.1257450e-04
   3.1471791e-04
   3.1633218e-04
   3.1731275e-04
   3.1800662e-04
   3.1840593e-04
   3.1776246e-04
   3.1609541e-04
   3.1303981e-04
   3.0855693e-04
   3.0404485e-04
   2.9973711e-04
   2.9554401e-04
   2.9169866e-04
   2.8792710e-04
   2.8421834e-04
   2.8090552e-04
   2.7799816e-04
   2.7525266e-04
   2.7269970e-04
   2.7018027e-04
   2.6766977e-04
   2.6561834e-04
   2.6403090e-04
   2.6304345e-04
   2.6268524e-04
   2.6230830e-04
   2.6180507e-04
   2.6122183e-04
   2.6045345e-04
   2.5963729e-04
   2.5878042e-04
   2.5773978e-04
   2.5651464e-04
   2.5518852e-04
   2.5374167e-04
   2.5227889e-04
   2.5081088e-04
   2.4909003e-04
   2.4712264e-04
   2.4481109e-04
   2.4214471e-04
   2.3954892e-04
   2.3709618e-04
   2.3476789e-04
   2.3263636e-04
   2.3060414e-04
   2.2866951e-04
   2.2692658e-04
   2.2537720e-04
   2.2398220e-04
   2.2275999e-04
   2.2163247e-04
   2.2059557e-04
   2.1983063e-04
   2.1933427e-04
   2.1917642e-04
   2.1936655e-04
   2.1959246e-04
   2.1979311e-04
   2.2003299e-04
   2.2025931e-04
   2.2043809e-04
   2.2057281e-04
   2.2054334e-04
   2.2033805e-04
   2.2019055e-04
   2.2012898e-04
   2.2010647e-04
   2.2015097e-04
   2.2024392e-04
   2.2036466e-04
   2.2060254e-04
   2.2094727e-04
   2.2120873e-04
   2.2136393e-04
   2.2135696e-04
   2.2115249e-04
   2.2090599e-04
   2.2061446e-04
   2.2028157e-04
   2.1991516e-04
   2.1933238e-04
   2.1848402e-04
   2.1749216e-04
   2.1633180e-04
   2.1483054e-04
   2.1300707e-04
   2.1070998e-04
   2.0793550e-04
   2.0516719e-04
   2.0248905e-04
   1.9985908e-04
   1.9736017e-04
   1.9493719e-04
   1.9258662e-04
   1.9044949e-04
   1.8853414e-04
   1.8666798e-04
   1.8484504e-04
   1.8305442e-04
   1.8127736e-04
   1.7962695e-04
   1.7811766e-04
   1.7672606e-04
   1.7546653e-04
   1.7430566e-04
   1.7322653e-04
   1.7231575e-04
   1.7157117e-04
   1.7084391e-04
   1.7013984e-04
   1.6938158e-04
   1.6855637e-04
   1.6796452e-04
   1.6766575e-04
   1.6752849e-04
   1.6759182e-04
   1.6799037e-04
   1.6869564e-04
   1.6989332e-04
   1.7158025e-04
   1.7322697e-04
   1.7474936e-04
   1.7613949e-04
   1.7730487e-04
   1.7840777e-04
   1.7944872e-04
   1.8031971e-04
   1.8102001e-04
   1.8154522e-04
   1.8186274e-04
   1.8207087e-04
   1.8216480e-04
   1.8193121e-04
   1.8137312e-04
   1.8039165e-04
   1.7897335e-04
   1.7750543e-04
   1.7605877e-04
   1.7456313e-04
   1.7308201e-04
   1.7163002e-04
   1.7020116e-04
   1.6893146e-04
   1.6783140e-04
   1.6665473e-04
   1.6537333e-04
   1.6402915e-04
   1.6259254e-04
   1.6109487e-04
   1.5955646e-04
   1.5789350e-04
   1.5611653e-04
   1.5439705e-04
   1.5275884e-04
   1.5123569e-04
   1.4985993e-04
   1.4852946e-04
   1.4724664e-04
   1.4602775e-04
   1.4486984e-04
   1.4386279e-04
   1.4303618e-04
   1.4231822e-04
   1.4172264e-04
   1.4136439e-04
   1.4123583e-04
   1.4142052e-04
   1.4192384e-04
   1.4246539e-04
   1.4299301e-04
   1.4355957e-04
   1.4411813e-04
   1.4464678e-04
   1.4514981e-04
   1.4551964e-04
   1.4574719e-04
   1.4603930e-04
   1.4642108e-04
   1.4685115e-04
   1.4735439e-04
   1.4791451e-04
   1.4851223e-04
   1.4923146e-04
   1.5006208e-04
   1.5082670e-04
   1.5150679e-04
   1.5202959e-04
   1.5236161e-04
   1.5268901e-04
   1.5300707e-04
   1.5334041e-04
   1.5369923e-04
   1.5382795e-04
   1.5366396e-04
   1.5335249e-04
   1.5285812e-04
   1.5199301e-04
   1.5078274e-04
   1.4902940e-04
   1.4673141e-04
   1.4447784e-04
   1.4235922e-04
   1.4039302e-04
   1.3868042e-04
   1.3701247e-04
   1.3538781e-04
   1.3391034e-04
   1.3257694e-04
   1.3144903e-04
   1.3057356e-04
   1.2981043e-04
   1.2917124e-04
   1.2892509e-04
   1.2906065e-04
   1.2973155e-04
   1.3095072e-04
   1.3216134e-04
   1.3326747e-04
   1.3432367e-04
   1.3523698e-04
   1.3607417e-04
   1.3684128e-04
   1.3738176e-04
   1.3768847e-04
   1.3794969e-04
   1.3817085e-04
   1.3838010e-04
   1.3859979e-04
   1.3868084e-04
   1.3861145e-04
   1.3840170e-04
   1.3803702e-04
   1.3761835e-04
   1.3717573e-04
   1.3661696e-04
   1.3595644e-04
   1.3533656e-04
   1.3475151e-04
   1.3429903e-04
   1.3399318e-04
   1.3351069e-04
   1.3279258e-04
   1.3195930e-04
   1.3096864e-04
   1.2972089e-04
   1.2824587e-04
   1.2635860e-04
   1.2406525e-04
   1.2185662e-04
   1.1980168e-04
   1.1796094e-04
   1.1642049e-04
   1.1492204e-04
   1.1346758e-04
   1.1210574e-04
   1.1082736e-04
   1.0984311e-04
   1.0922420e-04
   1.0878613e-04
   1.0855987e-04
   1.0883747e-04
   1.0959447e-04
   1.1105936e-04
   1.1324089e-04
   1.1539846e-04
   1.1741246e-04
   1.1929982e-04
   1.2093472e-04
   1.2250848e-04
   1.2402509e-04
   1.2532283e-04
   1.2639983e-04
   1.2731088e-04
   1.2802382e-04
   1.2865603e-04
   1.2921040e-04
   1.2941013e-04
   1.2925722e-04
   1.2864144e-04
   1.2754558e-04
   1.2643422e-04
   1.2539119e-04
   1.2434308e-04
   1.2336600e-04
   1.2245256e-04
   1.2159580e-04
   1.2094648e-04
   1.2051413e-04
   1.2005341e-04
   1.1954172e-04
   1.1899324e-04
   1.1837740e-04
   1.1777941e-04
   1.1721669e-04
   1.1662750e-04
   1.1602431e-04
   1.1547335e-04
   1.1497346e-04
   1.1460126e-04
   1.1437072e-04
   1.1412101e-04
   1.1385648e-04
   1.1352810e-04
   1.1312458e-04
   1.1290824e-04
   1.1293556e-04
   1.1308328e-04
   1.1338694e-04
   1.1398337e-04
   1.1484772e-04
   1.1615640e-04
   1.1790799e-04
   1.1960359e-04
   1.2116984e-04
   1.2257064e-04
   1.2371973e-04
   1.2483454e-04
   1.2591490e-04
   1.2689186e-04
   1.2777132e-04
   1.2842402e-04
   1.2879524e-04
   1.2903360e-04
   1.2911892e-04
   1.2879723e-04
   1.2808571e-04
   1.2680579e-04
   1.2494841e-04
   1.2311049e-04
   1.2138797e-04
   1.1976892e-04
   1.1835432e-04
   1.1698345e-04
   1.1565326e-04
   1.1448858e-04
   1.1349030e-04
   1.1263136e-04
   1.1194013e-04
   1.1131918e-04
   1.1076850e-04
   1.1050771e-04
   1.1053263e-04
   1.1094451e-04
   1.1175514e-04
   1.1257074e-04
   1.1332753e-04
   1.1403973e-04
   1.1464190e-04
   1.1523569e-04
   1.1582349e-04
   1.1632532e-04
   1.1674060e-04
   1.1708685e-04
   1.1734634e-04
   1.1758046e-04
   1.1778926e-04
   1.1783663e-04
   1.1772701e-04
   1.1738815e-04
   1.1681453e-04
   1.1626501e-04
   1.1577331e-04
   1.1538293e-04
   1.1513757e-04
   1.1486302e-04
   1.1456093e-04
   1.1423079e-04
   1.1386370e-04
   1.1366028e-04
   1.1367417e-04
   1.1377295e-04
   1.1398435e-04
   1.1448787e-04
   1.1525831e-04
   1.1648500e-04
   1.1816700e-04
   1.1975025e-04
   1.2116315e-04
   1.2229986e-04
   1.2306412e-04
   1.2383559e-04
   1.2460986e-04
   1.2538099e-04
   1.2616767e-04
   1.2654663e-04
   1.2640129e-04
   1.2602312e-04
   1.2535349e-04
   1.2398225e-04
   1.2195892e-04
   1.1889244e-04
   1.1477877e-04
   1.1080979e-04
   1.0716138e-04
   1.0392019e-04
   1.0129130e-04
   9.8743751e-05
   9.6278067e-05
   9.4048255e-05
   9.2038245e-05
   9.0593147e-05
   8.9851766e-05
   8.9429510e-05
   8.9377836e-05
   9.0342895e-05
   9.2276663e-05
   9.5642684e-05
   1.0046129e-04
   1.0518290e-04
   1.0955716e-04
   1.1361205e-04
   1.1708413e-04
   1.2039070e-04
   1.2353884e-04
   1.2620221e-04
   1.2837821e-04
   1.3013763e-04
   1.3140490e-04
   1.3244373e-04
   1.3325471e-04
   1.3324385e-04
   1.3242157e-04
   1.3052448e-04
   1.2751959e-04
   1.2446247e-04
   1.2153571e-04
   1.1863291e-04
   1.1592949e-04
   1.1329519e-04
   1.1072001e-04
   1.0849051e-04
   1.0662092e-04
   1.0478347e-04
   1.0297206e-04
   1.0113634e-04
   9.9239597e-05
   9.7546118e-05
   9.6074488e-05
   9.4832365e-05
   9.3843325e-05
   9.2896966e-05
   9.1956984e-05
   9.1059920e-05
   9.0175011e-05
   8.9325085e-05
   8.8514658e-05
   8.7695856e-05
   8.6868307e-05
   8.6086386e-05
   8.5351245e-05
   8.4684365e-05
   8.4093867e-05
   8.3520823e-05
   8.2968832e-05
   8.2411550e-05
   8.1849504e-05
   8.1385853e-05
   8.1026344e-05
   8.0847685e-05
   8.0868674e-05
   8.0900786e-05
   8.0948805e-05
   8.0953420e-05
   8.0900733e-05
   8.1109798e-05
   8.1650506e-05
   8.2356815e-05
   8.3270164e-05
   8.4582266e-05
   8.6256983e-05
   8.8532938e-05
   9.1405256e-05
   9.4186947e-05
   9.6780749e-05
   9.9097146e-05
   1.0101530e-04
   1.0290984e-04
   1.0477629e-04
   1.0655740e-04
   1.0826641e-04
   1.0956764e-04
   1.1035301e-04
   1.1089681e-04
   1.1114972e-04
   1.1068774e-04
   1.0955007e-04
   1.0738326e-04
   1.0417679e-04
   1.0104700e-04
   9.8165543e-05
   9.5560186e-05
   9.3421023e-05
   9.1351431e-05
   8.9348305e-05
   8.7601862e-05
   8.6105385e-05
   8.4988075e-05
   8.4339576e-05
   8.3893597e-05
   8.3673298e-05
   8.4179104e-05
   8.5385384e-05
   8.7597999e-05
   9.0837294e-05
   9.4029790e-05
   9.7002853e-05
   9.9777234e-05
   1.0217187e-04
   1.0448312e-04
   1.0671624e-04
   1.0865342e-04
   1.1029404e-04
   1.1166465e-04
   1.1270972e-04
   1.1361777e-04
   1.1438633e-04
   1.1460551e-04
   1.1428658e-04
   1.1322675e-04
   1.1140604e-04
   1.0959172e-04
   1.0790530e-04
   1.0634064e-04
   1.0502614e-04
   1.0372334e-04
   1.0242893e-04
   1.0128150e-04
   1.0027871e-04
   9.9462438e-05
   9.8884099e-05
   9.8381079e-05
   9.7962861e-05
   9.7948990e-05
   9.8323497e-05
   9.9278860e-05
   1.0082694e-04
   1.0229600e-04
   1.0358762e-04
   1.0465461e-04
   1.0538349e-04
   1.0608574e-04
   1.0676170e-04
   1.0733733e-04
   1.0782409e-04
   1.0799101e-04
   1.0775369e-04
   1.0734846e-04
   1.0674273e-04
   1.0555558e-04
   1.0382146e-04
   1.0124400e-04
   9.7815417e-05
   9.4500103e-05
   9.1445137e-05
   8.8696458e-05
   8.6419709e-05
   8.4230861e-05
   8.2129815e-05
   8.0259940e-05
   7.8612465e-05
   7.7388225e-05
   7.6684047e-05
   7.6223370e-05
   7.6037725e-05
   7.6615180e-05
   7.7924071e-05
   8.0292268e-05
   8.3736761e-05
   8.7138629e-05
   9.0317103e-05
   9.3293000e-05
   9.5876417e-05
   9.8370581e-05
   1.0078048e-04
   1.0287308e-04
   1.0464663e-04
   1.0614420e-04
   1.0730974e-04
   1.0833609e-04
   1.0922240e-04
   1.0953845e-04
   1.0929285e-04
   1.0828744e-04
   1.0649891e-04
   1.0470449e-04
   1.0303468e-04
   1.0143352e-04
   1.0003006e-04
   9.8681753e-05
   9.7381951e-05
   9.6318914e-05
   9.5498462e-05
   9.4768198e-05
   9.4140877e-05
   9.3538238e-05
   9.2944095e-05
   9.2593520e-05
   9.2490011e-05
   9.2698216e-05
   9.3233027e-05
   9.3772117e-05
   9.4264542e-05
   9.4713855e-05
   9.5067244e-05
   9.5432577e-05
   9.5811197e-05
   9.6153778e-05
   9.6462448e-05
   9.6693302e-05
   9.6820267e-05
   9.6922589e-05
   9.6993118e-05
   9.6890399e-05
   9.6625910e-05
   9.6094011e-05
   9.5292362e-05
   9.4559443e-05
   9.3937007e-05
   9.3501336e-05
   9.3310630e-05
   9.3103594e-05
   9.2883326e-05
   9.2636535e-05
   9.2348551e-05
   9.2340222e-05
   9.2694811e-05
   9.3203314e-05
   9.3908844e-05
   9.5093060e-05
   9.6717387e-05
   9.9066736e-05
   1.0214107e-04
   1.0508229e-04
   1.0776590e-04
   1.1010845e-04
   1.1196108e-04
   1.1374370e-04
   1.1545355e-04
   1.1699897e-04
   1.1839378e-04
   1.1931121e-04
   1.1963634e-04
   1.1967149e-04
   1.1936850e-04
   1.1824420e-04
   1.1634069e-04
   1.1327515e-04
   1.0903570e-04
   1.0485254e-04
   1.0091444e-04
   9.7263036e-05
   9.4108874e-05
   9.0994528e-05
   8.7918923e-05
   8.5080137e-05
   8.2470551e-05
   8.0282468e-05
   7.8625438e-05
   7.7189935e-05
   7.6009831e-05
   7.5652268e-05
   7.6085470e-05
   7.7682136e-05
   8.0464723e-05
   8.3171653e-05
   8.5609052e-05
   8.7757368e-05
   8.9404779e-05
   9.0994446e-05
   9.2532576e-05
   9.3806151e-05
   9.4825017e-05
   9.5448726e-05
   9.5577010e-05
   9.5526766e-05
   9.5275292e-05
   9.4231240e-05
   9.2427429e-05
   8.9508335e-05
   8.5451831e-05
   8.1529990e-05
   7.7953136e-05
   7.4673787e-05
   7.1907461e-05
   6.9355103e-05
   6.7009505e-05
   6.5156732e-05
   6.3801779e-05
   6.2809838e-05
   6.2228524e-05
   6.1862061e-05
   6.1698267e-05
   6.2213520e-05
   6.3404454e-05
   6.5444704e-05
   6.8362266e-05
   7.1380040e-05
   7.4352633e-05
   7.7416540e-05
   8.0442338e-05
   8.3406077e-05
   8.6316843e-05
   8.8906817e-05
   9.1153868e-05
   9.3523475e-05
   9.6063472e-05
   9.8711457e-05
   1.0152259e-04
   1.0439768e-04
   1.0729877e-04
   1.1036619e-04
   1.1357719e-04
   1.1668230e-04
   1.1965213e-04
   1.2239633e-04
