   1.3798493e-03
   1.0726136e-02
   2.2733771e-02
   3.8746343e-02
   5.8796088e-02
   7.8482553e-02
   9.7064926e-02
   1.1473757e-01
   1.3074235e-01
   1.4596761e-01
   1.6043187e-01
   1.7304793e-01
   1.8377409e-01
   1.9339320e-01
   2.0179892e-01
   2.0947357e-01
   2.1648871e-01
   2.2140142e-01
   2.2416815e-01
   2.2445369e-01
   2.2214227e-01
   2.1911794e-01
   2.1576917e-01
   2.1145999e-01
   2.0648956e-01
   2.0147172e-01
   1.9636081e-01
   1.9205953e-01
   1.8866462e-01
   1.8397076e-01
   1.7763990e-01
   1.7031810e-01
   1.6173054e-01
   1.5158500e-01
   1.4007880e-01
   1.2617475e-01
   1.0993895e-01
   9.3983090e-02
   7.8694300e-02
   6.4348864e-02
   5.1418109e-02
   3.8696432e-02
   2.6203334e-02
   1.4295191e-02
   2.9509221e-03
   7.0306178e-03
   1.5328484e-02
   2.2731229e-02
   2.9103729e-02
   3.3089943e-02
   3.4767270e-02
   3.3170350e-02
   2.8235696e-02
   2.3133091e-02
   1.8380726e-02
   1.3785187e-02
   9.8738830e-03
   6.0278721e-03
   2.2159084e-03
   7.8186396e-04
   2.9451334e-03
   4.9135139e-03
   6.6395425e-03
   8.4168239e-03
   1.0311352e-02
   1.1397155e-02
   1.1645436e-02
   1.0852840e-02
   8.9483038e-03
   7.0834709e-03
   5.4614612e-03
   3.8946984e-03
   2.5638285e-03
   1.4104269e-03
   4.1254905e-04
   9.3332502e-05
   9.3373659e-05
   9.5772479e-05
   1.4100735e-04
   2.5663984e-04
   5.1123808e-04
   6.3826205e-04
   6.1750896e-04
   5.0574035e-04
   2.8358404e-04
   5.9399852e-05
   1.3713835e-04
   3.5304488e-04
   5.7036281e-04
   7.4352971e-04
   8.7208281e-04
   9.1126250e-04
   8.5398701e-04
   8.0298483e-04
   7.6974880e-04
   7.4819133e-04
   7.5210544e-04
   7.4734199e-04
   7.2996197e-04
   7.1759672e-04
   7.0795830e-04
   6.9613183e-04
   6.8362186e-04
   6.6536046e-04
   6.4090368e-04
   6.2101288e-04
   6.0648220e-04
   5.9844083e-04
   5.9813271e-04
   5.9743281e-04
   5.9526312e-04
   5.9294688e-04
   5.8946571e-04
   5.8662798e-04
   5.8470865e-04
   5.8240915e-04
   5.7980715e-04
   5.7756003e-04
   5.7561214e-04
   5.7403655e-04
   5.7287832e-04
   5.7169236e-04
   5.7037134e-04
   5.6907464e-04
   5.6771947e-04
   5.6599330e-04
   5.6378768e-04
   5.6130855e-04
   5.5849118e-04
   5.5490060e-04
   5.5057158e-04
   5.4509332e-04
   5.3845255e-04
   5.3189936e-04
   5.2562495e-04
   5.1964450e-04
   5.1416873e-04
   5.0877991e-04
   5.0347136e-04
   4.9847011e-04
   4.9376958e-04
   4.8944947e-04
   4.8559475e-04
   4.8194362e-04
   4.7851315e-04
   4.7581499e-04
   4.7382693e-04
   4.7284269e-04
   4.7288443e-04
   4.7290210e-04
   4.7272926e-04
   4.7237361e-04
   4.7165853e-04
   4.7090424e-04
   4.7011533e-04
   4.6909531e-04
   4.6784657e-04
   4.6633242e-04
   4.6448632e-04
   4.6252111e-04
   4.6042634e-04
   4.5777317e-04
   4.5457991e-04
   4.5060311e-04
   4.4582495e-04
   4.4111676e-04
   4.3661147e-04
   4.3233630e-04
   4.2843804e-04
   4.2458065e-04
   4.2076180e-04
   4.1711127e-04
   4.1362032e-04
   4.1045588e-04
   4.0770204e-04
   4.0510779e-04
   4.0269858e-04
   4.0091848e-04
   3.9973751e-04
   3.9945380e-04
   4.0008176e-04
   4.0060208e-04
   4.0085304e-04
   4.0083444e-04
   4.0037348e-04
   3.9978774e-04
   3.9908228e-04
   3.9806156e-04
   3.9672963e-04
   3.9505365e-04
   3.9296546e-04
   3.9070315e-04
   3.8825980e-04
   3.8515455e-04
   3.8140502e-04
   3.7677607e-04
   3.7124452e-04
   3.6574572e-04
   3.6045712e-04
   3.5520563e-04
   3.5014855e-04
   3.4534690e-04
   3.4078786e-04
   3.3681967e-04
   3.3347064e-04
   3.3009379e-04
   3.2661713e-04
   3.2312858e-04
   3.1954757e-04
   3.1600552e-04
   3.1255745e-04
   3.0896935e-04
   3.0527481e-04
   3.0186948e-04
   2.9876718e-04
   2.9628837e-04
   2.9450857e-04
   2.9269221e-04
   2.9085664e-04
   2.8879387e-04
   2.8645175e-04
   2.8500997e-04
   2.8472712e-04
   2.8501374e-04
   2.8602694e-04
   2.8844123e-04
   2.9213520e-04
   2.9794845e-04
   3.0587084e-04
   3.1349850e-04
   3.2048268e-04
   3.2659549e-04
   3.3141849e-04
   3.3610181e-04
   3.4063876e-04
   3.4474894e-04
   3.4846776e-04
   3.5095532e-04
   3.5190251e-04
   3.5212462e-04
   3.5149502e-04
   3.4868100e-04
   3.4378709e-04
   3.3580279e-04
   3.2468681e-04
   3.1373321e-04
   3.0346266e-04
   2.9386736e-04
   2.8550634e-04
   2.7738286e-04
   2.6948280e-04
   2.6244891e-04
   2.5627626e-04
   2.5101576e-04
   2.4686717e-04
   2.4318418e-04
   2.3999204e-04
   2.3863485e-04
   2.3907052e-04
   2.4199026e-04
   2.4746113e-04
   2.5288904e-04
   2.5784149e-04
   2.6248047e-04
   2.6637329e-04
   2.7003272e-04
   2.7348031e-04
   2.7609580e-04
   2.7786326e-04
   2.7923935e-04
   2.8016761e-04
   2.8095387e-04
   2.8164664e-04
   2.8139115e-04
   2.8017895e-04
   2.7776480e-04
   2.7409367e-04
   2.7039039e-04
   2.6687420e-04
   2.6337673e-04
   2.6009845e-04
   2.5695637e-04
   2.5393574e-04
   2.5139281e-04
   2.4934755e-04
   2.4730809e-04
   2.4524605e-04
   2.4312784e-04
   2.4089310e-04
   2.3883867e-04
   2.3699119e-04
   2.3530786e-04
   2.3381607e-04
   2.3237367e-04
   2.3094475e-04
   2.2961575e-04
   2.2836724e-04
   2.2710048e-04
   2.2582128e-04
   2.2444781e-04
   2.2297055e-04
   2.2163052e-04
   2.2046758e-04
   2.1942165e-04
   2.1852623e-04
   2.1780301e-04
   2.1723647e-04
   2.1692963e-04
   2.1687928e-04
   2.1684965e-04
   2.1680885e-04
   2.1673357e-04
   2.1658337e-04
   2.1647226e-04
   2.1640076e-04
   2.1633863e-04
   2.1628966e-04
   2.1618163e-04
   2.1598699e-04
   2.1577544e-04
   2.1553527e-04
   2.1515081e-04
   2.1462948e-04
   2.1388491e-04
   2.1291194e-04
   2.1198744e-04
   2.1115390e-04
   2.1040811e-04
   2.0979558e-04
   2.0923155e-04
   2.0871266e-04
   2.0829364e-04
   2.0797202e-04
   2.0774511e-04
   2.0762832e-04
   2.0755725e-04
   2.0753089e-04
   2.0767960e-04
   2.0799848e-04
   2.0854325e-04
   2.0931982e-04
   2.1008416e-04
   2.1078540e-04
   2.1149013e-04
   2.1215676e-04
   2.1272241e-04
   2.1319084e-04
   2.1344804e-04
   2.1348192e-04
   2.1355019e-04
   2.1368849e-04
   2.1383587e-04
   2.1402464e-04
   2.1425501e-04
   2.1450283e-04
   2.1488815e-04
   2.1539971e-04
   2.1577703e-04
   2.1599742e-04
   2.1593746e-04
   2.1554965e-04
   2.1515071e-04
   2.1473424e-04
   2.1436047e-04
   2.1404973e-04
   2.1334235e-04
   2.1213172e-04
   2.1066703e-04
   2.0888665e-04
   2.0648720e-04
   2.0351772e-04
   1.9962940e-04
   1.9482476e-04
   1.9012078e-04
   1.8566573e-04
   1.8155295e-04
   1.7795950e-04
   1.7440383e-04
   1.7088922e-04
   1.6753520e-04
   1.6432776e-04
   1.6161797e-04
   1.5953580e-04
   1.5774191e-04
   1.5629016e-04
   1.5573682e-04
   1.5603855e-04
   1.5762188e-04
   1.6050430e-04
   1.6330783e-04
   1.6581944e-04
   1.6801916e-04
   1.6967379e-04
   1.7125178e-04
   1.7275888e-04
   1.7395107e-04
   1.7483605e-04
   1.7529625e-04
   1.7522919e-04
   1.7495395e-04
   1.7444862e-04
   1.7309973e-04
   1.7093622e-04
   1.6760327e-04
   1.6307492e-04
   1.5863079e-04
   1.5448249e-04
   1.5057222e-04
   1.4711552e-04
   1.4382575e-04
   1.4069450e-04
   1.3801473e-04
   1.3579237e-04
   1.3386470e-04
   1.3227310e-04
   1.3083860e-04
   1.2954585e-04
   1.2884893e-04
   1.2874712e-04
   1.2939797e-04
   1.3082907e-04
   1.3232580e-04
   1.3375917e-04
   1.3523150e-04
   1.3662470e-04
   1.3797042e-04
   1.3927681e-04
   1.4032487e-04
   1.4110023e-04
   1.4192715e-04
   1.4282936e-04
   1.4380198e-04
   1.4488358e-04
   1.4592833e-04
   1.4691410e-04
   1.4789719e-04
   1.4885950e-04
   1.4978420e-04
   1.5067620e-04
   1.5147457e-04
   1.5217202e-04
   1.5287095e-04
   1.5356632e-04
   1.5429280e-04
   1.5505615e-04
   1.5568136e-04
   1.5613155e-04
   1.5647467e-04
   1.5668530e-04
   1.5669380e-04
   1.5651269e-04
   1.5604013e-04
   1.5527552e-04
   1.5449226e-04
   1.5373084e-04
   1.5299937e-04
   1.5234418e-04
   1.5166728e-04
   1.5096754e-04
   1.5029255e-04
   1.4964086e-04
   1.4903910e-04
   1.4850689e-04
   1.4799242e-04
   1.4750168e-04
   1.4713347e-04
   1.4688344e-04
   1.4681692e-04
   1.4693835e-04
   1.4703607e-04
   1.4708251e-04
   1.4704905e-04
   1.4690058e-04
   1.4676673e-04
   1.4664755e-04
   1.4653525e-04
   1.4643664e-04
   1.4622000e-04
   1.4584769e-04
   1.4541815e-04
   1.4491343e-04
   1.4419289e-04
   1.4327365e-04
   1.4202312e-04
   1.4044039e-04
   1.3892957e-04
   1.3754749e-04
   1.3634137e-04
   1.3538076e-04
   1.3444814e-04
   1.3354423e-04
   1.3270380e-04
   1.3191748e-04
   1.3137377e-04
   1.3113491e-04
   1.3102880e-04
   1.3108118e-04
   1.3156184e-04
   1.3244631e-04
   1.3394230e-04
   1.3605650e-04
   1.3810014e-04
   1.3995762e-04
   1.4166223e-04
   1.4309620e-04
   1.4439711e-04
   1.4556914e-04
   1.4644135e-04
   1.4700831e-04
   1.4739890e-04
   1.4759773e-04
   1.4768594e-04
   1.4767702e-04
   1.4733503e-04
   1.4665412e-04
   1.4558374e-04
   1.4410590e-04
   1.4253033e-04
   1.4092632e-04
   1.3916502e-04
   1.3729655e-04
   1.3547658e-04
   1.3369722e-04
   1.3213494e-04
   1.3081124e-04
   1.2925864e-04
   1.2740227e-04
   1.2539079e-04
   1.2316578e-04
   1.2064464e-04
   1.1787187e-04
   1.1460738e-04
   1.1086605e-04
   1.0725599e-04
   1.0385950e-04
   1.0078881e-04
   9.8153582e-05
   9.5571520e-05
   9.3049948e-05
   9.0618687e-05
   8.8263701e-05
   8.6375794e-05
   8.5068683e-05
   8.4075410e-05
   8.3453970e-05
   8.3592574e-05
   8.4450242e-05
   8.6389291e-05
   8.9417339e-05
   9.2440348e-05
   9.5299281e-05
   9.7914543e-05
   1.0009918e-04
   1.0234728e-04
   1.0465845e-04
   1.0689737e-04
   1.0907868e-04
   1.1086972e-04
   1.1214215e-04
   1.1323496e-04
   1.1409640e-04
   1.1416640e-04
   1.1348898e-04
   1.1162971e-04
   1.0857193e-04
   1.0570191e-04
   1.0322200e-04
   1.0122104e-04
   9.9933108e-05
   9.8740567e-05
   9.7639800e-05
   9.6805025e-05
   9.6213659e-05
   9.6265153e-05
   9.7118700e-05
   9.8313320e-05
   9.9905082e-05
   1.0266007e-04
   1.0651696e-04
   1.1202485e-04
   1.1920423e-04
   1.2620347e-04
   1.3272171e-04
   1.3878421e-04
   1.4407410e-04
   1.4909829e-04
   1.5386334e-04
   1.5798147e-04
   1.6144949e-04
   1.6433173e-04
   1.6653116e-04
   1.6838424e-04
   1.6988939e-04
   1.7029931e-04
   1.6962810e-04
   1.6754519e-04
   1.6400881e-04
   1.6035888e-04
   1.5683796e-04
   1.5324913e-04
   1.4981535e-04
   1.4650267e-04
   1.4329544e-04
   1.4062387e-04
   1.3851815e-04
   1.3630308e-04
   1.3392064e-04
   1.3141865e-04
   1.2871714e-04
   1.2604636e-04
   1.2345831e-04
   1.2078811e-04
   1.1807269e-04
   1.1551264e-04
   1.1311918e-04
   1.1105464e-04
   1.0936284e-04
   1.0770697e-04
   1.0609864e-04
   1.0446258e-04
   1.0277938e-04
   1.0156034e-04
   1.0092257e-04
   1.0061257e-04
   1.0070170e-04
   1.0149575e-04
   1.0294994e-04
   1.0541221e-04
   1.0888568e-04
   1.1235424e-04
   1.1565576e-04
   1.1880377e-04
   1.2162419e-04
   1.2438614e-04
   1.2709440e-04
   1.2952408e-04
   1.3167177e-04
   1.3361393e-04
   1.3530679e-04
   1.3689835e-04
   1.3839072e-04
   1.3942326e-04
   1.3999431e-04
   1.3996625e-04
   1.3931330e-04
   1.3861607e-04
   1.3797925e-04
   1.3729451e-04
   1.3665468e-04
   1.3607451e-04
   1.3554211e-04
   1.3525787e-04
   1.3523386e-04
   1.3510820e-04
   1.3484102e-04
   1.3446691e-04
   1.3393891e-04
   1.3334902e-04
   1.3272316e-04
   1.3194986e-04
   1.3104560e-04
   1.3017232e-04
   1.2933486e-04
   1.2866516e-04
   1.2819464e-04
   1.2762533e-04
   1.2696475e-04
   1.2613160e-04
   1.2510606e-04
   1.2436039e-04
   1.2399816e-04
   1.2379479e-04
   1.2381539e-04
   1.2431303e-04
   1.2524234e-04
   1.2693428e-04
   1.2938637e-04
   1.3167756e-04
   1.3368165e-04
   1.3528405e-04
   1.3632656e-04
   1.3731559e-04
   1.3825031e-04
   1.3905338e-04
   1.3974714e-04
   1.3989596e-04
   1.3935899e-04
   1.3851688e-04
   1.3730941e-04
   1.3514831e-04
   1.3208838e-04
   1.2766341e-04
   1.2185948e-04
   1.1619864e-04
   1.1092997e-04
   1.0601595e-04
   1.0171690e-04
   9.7654228e-05
   9.3820777e-05
   9.0557224e-05
   8.7869313e-05
   8.5618832e-05
   8.3868175e-05
   8.2380298e-05
   8.1145281e-05
   8.0736009e-05
   8.1150716e-05
   8.2598024e-05
   8.5114385e-05
   8.7769268e-05
   9.0383742e-05
   9.3163233e-05
   9.5954411e-05
   9.8647287e-05
   1.0125635e-04
   1.0342141e-04
   1.0510968e-04
   1.0704334e-04
   1.0931405e-04
   1.1176935e-04
   1.1449712e-04
   1.1746463e-04
   1.2060989e-04
   1.2421358e-04
   1.2824704e-04
   1.3209061e-04
   1.3566136e-04
   1.3883010e-04
   1.4148247e-04
   1.4401897e-04
   1.4643163e-04
   1.4868476e-04
   1.5079328e-04
   1.5235929e-04
   1.5326430e-04
   1.5379391e-04
   1.5388992e-04
   1.5312495e-04
   1.5153800e-04
   1.4877090e-04
   1.4481076e-04
   1.4079669e-04
   1.3691921e-04
   1.3311032e-04
   1.2956389e-04
   1.2607704e-04
   1.2264257e-04
   1.1955368e-04
   1.1682337e-04
   1.1419057e-04
   1.1166807e-04
   1.0917834e-04
   1.0669715e-04
   1.0452881e-04
   1.0269218e-04
   1.0123075e-04
   1.0017352e-04
   9.9211492e-05
   9.8290221e-05
   9.7484562e-05
   9.6749611e-05
   9.6069252e-05
   9.5453129e-05
   9.4798639e-05
   9.4101268e-05
   9.3561506e-05
   9.3204481e-05
   9.3010536e-05
   9.3007159e-05
   9.3154227e-05
   9.3441511e-05
   9.3920344e-05
   9.4585579e-05
   9.5357259e-05
   9.6222241e-05
   9.7185589e-05
   9.8232280e-05
   9.9364443e-05
   1.0058118e-04
   1.0185374e-04
   1.0317749e-04
   1.0459815e-04
   1.0612203e-04
   1.0771174e-04
   1.0936855e-04
   1.1113624e-04
   1.1300558e-04
   1.1500539e-04
   1.1713347e-04
   1.1925456e-04
   1.2132951e-04
   1.2343937e-04
   1.2555828e-04
   1.2754510e-04
   1.2940188e-04
   1.3100977e-04
   1.3235053e-04
   1.3377183e-04
   1.3533123e-04
   1.3690803e-04
   1.3854557e-04
   1.4031814e-04
   1.4218806e-04
   1.4436182e-04
   1.4682554e-04
   1.4906984e-04
   1.5104299e-04
   1.5254868e-04
   1.5349538e-04
   1.5441970e-04
   1.5531160e-04
   1.5625177e-04
   1.5727329e-04
   1.5762971e-04
   1.5714169e-04
   1.5623988e-04
   1.5482427e-04
   1.5234850e-04
   1.4889415e-04
   1.4387060e-04
   1.3727924e-04
   1.3087448e-04
   1.2491859e-04
   1.1953181e-04
   1.1501858e-04
   1.1062801e-04
   1.0636279e-04
   1.0246704e-04
   9.8922509e-05
   9.6178216e-05
   9.4426688e-05
   9.3146183e-05
   9.2407566e-05
   9.3107616e-05
   9.5185679e-05
   9.9274330e-05
   1.0540513e-04
   1.1146904e-04
   1.1713031e-04
   1.2241055e-04
   1.2695262e-04
   1.3136649e-04
   1.3566144e-04
   1.3941692e-04
   1.4263313e-04
   1.4532199e-04
   1.4736603e-04
   1.4914701e-04
   1.5065346e-04
   1.5106967e-04
   1.5041838e-04
   1.4828456e-04
   1.4462712e-04
   1.4099355e-04
   1.3762990e-04
   1.3450686e-04
   1.3188211e-04
   1.2930531e-04
   1.2676688e-04
   1.2456388e-04
   1.2269263e-04
   1.2116628e-04
   1.2007448e-04
   1.1911031e-04
   1.1828198e-04
   1.1821983e-04
   1.1889816e-04
   1.2065755e-04
   1.2352426e-04
   1.2624644e-04
   1.2862912e-04
   1.3065258e-04
   1.3210606e-04
   1.3343264e-04
   1.3463683e-04
   1.3551403e-04
   1.3607402e-04
   1.3615269e-04
   1.3564483e-04
   1.3488186e-04
   1.3383862e-04
   1.3190652e-04
   1.2912300e-04
   1.2511002e-04
   1.1984750e-04
   1.1467590e-04
   1.0981500e-04
   1.0523736e-04
   1.0117198e-04
   9.7264948e-05
   9.3511893e-05
   9.0195861e-05
   8.7320760e-05
   8.4826920e-05
   8.2782160e-05
   8.0950719e-05
   7.9332757e-05
   7.8460557e-05
   7.8324849e-05
   7.9162699e-05
   8.1004081e-05
   8.2899136e-05
   8.4681973e-05
   8.6460916e-05
   8.8078624e-05
   8.9628126e-05
   9.1120203e-05
   9.2282804e-05
   9.3102075e-05
   9.3927032e-05
   9.4772561e-05
   9.5674834e-05
   9.6675421e-05
   9.7532384e-05
   9.8224072e-05
   9.8777220e-05
   9.9167501e-05
   9.9529879e-05
   9.9903723e-05
   1.0016469e-04
   1.0033044e-04
   1.0058366e-04
   1.0091516e-04
   1.0144975e-04
   1.0220370e-04
   1.0276051e-04
   1.0304435e-04
   1.0319640e-04
   1.0316001e-04
   1.0282820e-04
   1.0223599e-04
   1.0115348e-04
   9.9587652e-05
   9.8120197e-05
   9.6826064e-05
   9.5805790e-05
   9.5160274e-05
   9.4519148e-05
   9.3884910e-05
   9.3283421e-05
   9.2697167e-05
   9.2495449e-05
   9.2784637e-05
   9.3297879e-05
   9.4086998e-05
   9.5537272e-05
   9.7606336e-05
   1.0064290e-04
   1.0465314e-04
   1.0855877e-04
   1.1219648e-04
   1.1551678e-04
   1.1833471e-04
   1.2107341e-04
   1.2373382e-04
   1.2615018e-04
   1.2833168e-04
   1.3007527e-04
   1.3127799e-04
   1.3223142e-04
   1.3290244e-04
   1.3277043e-04
   1.3186711e-04
   1.2984678e-04
   1.2669005e-04
   1.2357471e-04
   1.2068875e-04
   1.1801779e-04
   1.1576095e-04
   1.1357933e-04
   1.1146732e-04
   1.0966016e-04
   1.0815729e-04
   1.0694988e-04
   1.0610381e-04
   1.0539824e-04
   1.0483835e-04
   1.0489438e-04
   1.0555273e-04
   1.0704770e-04
   1.0940279e-04
   1.1172761e-04
   1.1387511e-04
   1.1589112e-04
   1.1762711e-04
   1.1928007e-04
   1.2085680e-04
   1.2215536e-04
   1.2317224e-04
   1.2402093e-04
   1.2467335e-04
   1.2525533e-04
   1.2577812e-04
   1.2592617e-04
   1.2570155e-04
   1.2498953e-04
   1.2377218e-04
   1.2255670e-04
   1.2143058e-04
   1.2034815e-04
