   5.6186886e-02
   3.5015410e-02
   5.7739261e-03
   3.5677439e-02
   8.9444631e-02
   1.4215869e-01
   1.9163792e-01
   2.3814378e-01
   2.7938183e-01
   3.1877851e-01
   3.5638305e-01
   3.8925357e-01
   4.1733659e-01
   4.4162079e-01
   4.6151595e-01
   4.7910336e-01
   4.9442508e-01
   5.0251305e-01
   5.0338921e-01
   4.9509875e-01
   4.7732566e-01
   4.5833509e-01
   4.3963050e-01
   4.1982907e-01
   4.0028708e-01
   3.8103907e-01
   3.6196852e-01
   3.4582272e-01
   3.3280017e-01
   3.1826998e-01
   3.0177010e-01
   2.8382163e-01
   2.6386843e-01
   2.4305279e-01
   2.2173288e-01
   1.9861506e-01
   1.7392234e-01
   1.4977542e-01
   1.2642519e-01
   1.0464394e-01
   8.4857388e-02
   6.5225509e-02
   4.5812745e-02
   2.6577700e-02
   7.4550490e-03
   9.3549235e-03
   2.3267489e-02
   3.5514754e-02
   4.5761279e-02
   5.2300750e-02
   5.5301623e-02
   5.3103776e-02
   4.5645864e-02
   3.7870598e-02
   3.0567721e-02
   2.3523602e-02
   1.7565195e-02
   1.1594344e-02
   5.5649442e-03
   6.5535895e-04
   3.1115648e-03
   6.5455360e-03
   9.5371843e-03
   1.2588363e-02
   1.5772793e-02
   1.7626349e-02
   1.8109981e-02
   1.6834307e-02
   1.3685477e-02
   1.0611445e-02
   7.9492020e-03
   5.3956031e-03
   3.2549520e-03
   1.4019644e-03
   2.0281734e-04
   9.9637697e-04
   9.5895048e-04
   9.2725375e-04
   9.6761904e-04
   1.1280583e-03
   1.5218816e-03
   1.7088153e-03
   1.6554717e-03
   1.4568512e-03
   1.0808176e-03
   7.0279513e-04
   3.7122669e-04
   7.9329579e-06
   3.5811794e-04
   6.4990707e-04
   8.6676466e-04
   9.3517234e-04
   8.4344446e-04
   7.6285390e-04
   7.1296066e-04
   6.8250545e-04
   6.9456589e-04
   6.9479892e-04
   6.7659091e-04
   6.7074563e-04
   6.7360226e-04
   6.7195917e-04
   6.6756034e-04
   6.5202901e-04
   6.2381256e-04
   6.0243965e-04
   5.8929038e-04
   5.8534598e-04
   5.9272707e-04
   5.9770228e-04
   5.9817246e-04
   5.9745616e-04
   5.9383253e-04
   5.8818513e-04
   5.8109604e-04
   5.6920776e-04
   5.5258667e-04
   5.3676667e-04
   5.2237746e-04
   5.0956265e-04
   4.9916359e-04
   4.8905401e-04
   4.7905663e-04
   4.7026052e-04
   4.6252810e-04
   4.5561903e-04
   4.4967891e-04
   4.4405177e-04
   4.3869602e-04
   4.3489261e-04
   4.3262014e-04
   4.3231874e-04
   4.3405953e-04
   4.3584266e-04
   4.3731169e-04
   4.3870489e-04
   4.3968958e-04
   4.4044465e-04
   4.4098950e-04
   4.4075390e-04
   4.3970591e-04
   4.3857480e-04
   4.3738961e-04
   4.3623389e-04
   4.3519470e-04
   4.3375082e-04
   4.3186102e-04
   4.2956203e-04
   4.2680600e-04
   4.2393090e-04
   4.2102187e-04
   4.1787271e-04
   4.1453268e-04
   4.1126610e-04
   4.0806036e-04
   4.0513422e-04
   4.0251655e-04
   3.9955382e-04
   3.9613295e-04
   3.9247323e-04
   3.8848948e-04
   3.8402502e-04
   3.7913356e-04
   3.7348659e-04
   3.6709413e-04
   3.6082253e-04
   3.5480817e-04
   3.4906200e-04
   3.4373514e-04
   3.3857073e-04
   3.3356626e-04
   3.2890782e-04
   3.2459668e-04
   3.2060583e-04
   3.1698139e-04
   3.1357672e-04
   3.1039468e-04
   3.0776998e-04
   3.0570221e-04
   3.0432236e-04
   3.0365411e-04
   3.0313693e-04
   3.0265819e-04
   3.0238348e-04
   3.0222171e-04
   3.0202340e-04
   3.0180071e-04
   3.0129461e-04
   3.0047851e-04
   2.9995811e-04
   2.9982341e-04
   2.9990333e-04
   3.0027288e-04
   3.0099581e-04
   3.0201633e-04
   3.0362064e-04
   3.0578814e-04
   3.0781590e-04
   3.0960725e-04
   3.1104039e-04
   3.1198809e-04
   3.1287174e-04
   3.1368413e-04
   3.1437553e-04
   3.1496102e-04
   3.1504017e-04
   3.1448930e-04
   3.1361253e-04
   3.1235088e-04
   3.1024078e-04
   3.0732380e-04
   3.0321528e-04
   2.9790147e-04
   2.9260460e-04
   2.8752326e-04
   2.8261764e-04
   2.7809522e-04
   2.7366611e-04
   2.6932297e-04
   2.6534611e-04
   2.6174134e-04
   2.5836452e-04
   2.5525734e-04
   2.5225836e-04
   2.4935679e-04
   2.4697019e-04
   2.4510212e-04
   2.4389470e-04
   2.4337714e-04
   2.4291175e-04
   2.4238381e-04
   2.4190349e-04
   2.4136829e-04
   2.4077963e-04
   2.4014886e-04
   2.3926733e-04
   2.3812255e-04
   2.3706790e-04
   2.3613877e-04
   2.3531072e-04
   2.3462890e-04
   2.3398369e-04
   2.3335144e-04
   2.3282361e-04
   2.3238430e-04
   2.3192326e-04
   2.3143711e-04
   2.3083650e-04
   2.3009936e-04
   2.2942076e-04
   2.2879576e-04
   2.2827270e-04
   2.2786414e-04
   2.2727202e-04
   2.2643063e-04
   2.2547990e-04
   2.2437844e-04
   2.2296845e-04
   2.2127722e-04
   2.1910159e-04
   2.1644230e-04
   2.1386712e-04
   2.1145649e-04
   2.0926403e-04
   2.0738722e-04
   2.0554939e-04
   2.0375060e-04
   2.0205499e-04
   2.0045262e-04
   1.9914513e-04
   1.9820533e-04
   1.9743770e-04
   1.9687182e-04
   1.9682352e-04
   1.9726696e-04
   1.9844288e-04
   2.0036045e-04
   2.0223373e-04
   2.0393832e-04
   2.0547507e-04
   2.0671041e-04
   2.0788349e-04
   2.0899784e-04
   2.0989915e-04
   2.1058905e-04
   2.1105530e-04
   2.1124884e-04
   2.1133430e-04
   2.1130640e-04
   2.1082330e-04
   2.0989521e-04
   2.0835501e-04
   2.0618481e-04
   2.0403626e-04
   2.0202696e-04
   2.0006282e-04
   1.9825222e-04
   1.9657678e-04
   1.9502785e-04
   1.9381651e-04
   1.9295605e-04
   1.9211277e-04
   1.9125797e-04
   1.9040445e-04
   1.8951061e-04
   1.8870804e-04
   1.8802123e-04
   1.8736549e-04
   1.8675953e-04
   1.8627544e-04
   1.8590100e-04
   1.8578571e-04
   1.8594534e-04
   1.8607171e-04
   1.8617231e-04
   1.8613096e-04
   1.8592285e-04
   1.8608584e-04
   1.8673152e-04
   1.8760780e-04
   1.8878491e-04
   1.9053287e-04
   1.9279745e-04
   1.9593704e-04
   1.9994528e-04
   2.0380250e-04
   2.0735691e-04
   2.1052992e-04
   2.1314329e-04
   2.1564213e-04
   2.1802368e-04
   2.2014857e-04
   2.2202717e-04
   2.2338474e-04
   2.2410759e-04
   2.2449345e-04
   2.2449837e-04
   2.2361636e-04
   2.2188268e-04
   2.1892890e-04
   2.1473796e-04
   2.1051731e-04
   2.0645408e-04
   2.0256781e-04
   1.9906374e-04
   1.9552936e-04
   1.9196249e-04
   1.8857123e-04
   1.8535166e-04
   1.8242749e-04
   1.7989096e-04
   1.7748468e-04
   1.7523499e-04
   1.7363400e-04
   1.7265755e-04
   1.7262779e-04
   1.7356511e-04
   1.7440226e-04
   1.7499204e-04
   1.7522763e-04
   1.7493102e-04
   1.7467273e-04
   1.7445472e-04
   1.7419409e-04
   1.7391806e-04
   1.7312752e-04
   1.7166282e-04
   1.6996639e-04
   1.6797079e-04
   1.6500114e-04
   1.6112704e-04
   1.5578837e-04
   1.4897461e-04
   1.4248020e-04
   1.3657994e-04
   1.3135338e-04
   1.2710880e-04
   1.2314722e-04
   1.1946640e-04
   1.1634606e-04
   1.1376936e-04
   1.1206471e-04
   1.1140511e-04
   1.1127115e-04
   1.1171234e-04
   1.1366203e-04
   1.1706427e-04
   1.2249847e-04
   1.2999950e-04
   1.3749802e-04
   1.4463225e-04
   1.5159181e-04
   1.5802462e-04
   1.6417287e-04
   1.7005131e-04
   1.7507414e-04
   1.7920762e-04
   1.8314262e-04
   1.8689591e-04
   1.9054390e-04
   1.9416234e-04
   1.9723725e-04
   1.9971826e-04
   2.0164941e-04
   2.0297511e-04
   2.0398635e-04
   2.0476445e-04
   2.0504486e-04
   2.0486484e-04
   2.0460794e-04
   2.0425602e-04
   2.0406758e-04
   2.0407983e-04
   2.0342445e-04
   2.0193844e-04
   1.9997053e-04
   1.9740895e-04
   1.9392841e-04
   1.8960628e-04
   1.8395601e-04
   1.7698704e-04
   1.7008095e-04
   1.6347160e-04
   1.5709419e-04
   1.5119041e-04
   1.4551993e-04
   1.4007718e-04
   1.3523721e-04
   1.3101904e-04
   1.2707034e-04
   1.2340493e-04
   1.1992933e-04
   1.1660984e-04
   1.1384349e-04
   1.1166304e-04
   1.1007810e-04
   1.0913319e-04
   1.0849731e-04
   1.0807346e-04
   1.0818716e-04
   1.0879309e-04
   1.0937637e-04
   1.0996001e-04
   1.1019439e-04
   1.1002955e-04
   1.1064545e-04
   1.1226256e-04
   1.1441066e-04
   1.1724212e-04
   1.2118047e-04
   1.2611189e-04
   1.3273864e-04
   1.4103841e-04
   1.4909127e-04
   1.5661517e-04
   1.6342949e-04
   1.6919587e-04
   1.7480362e-04
   1.8024503e-04
   1.8527343e-04
   1.8991142e-04
   1.9355476e-04
   1.9596762e-04
   1.9776361e-04
   1.9884768e-04
   1.9818873e-04
   1.9585748e-04
   1.9110582e-04
   1.8389508e-04
   1.7669405e-04
   1.6990287e-04
   1.6343668e-04
   1.5771179e-04
   1.5213286e-04
   1.4668349e-04
   1.4191858e-04
   1.3784695e-04
   1.3420630e-04
   1.3108563e-04
   1.2813706e-04
   1.2534067e-04
   1.2356243e-04
   1.2280226e-04
   1.2337896e-04
   1.2534833e-04
   1.2732787e-04
   1.2907527e-04
   1.3077411e-04
   1.3219962e-04
   1.3345730e-04
   1.3456748e-04
   1.3512520e-04
   1.3511150e-04
   1.3509217e-04
   1.3510232e-04
   1.3518392e-04
   1.3540887e-04
   1.3543533e-04
   1.3523209e-04
   1.3486546e-04
   1.3430300e-04
   1.3369051e-04
   1.3308222e-04
   1.3229029e-04
   1.3133438e-04
   1.3051993e-04
   1.2983650e-04
   1.2946635e-04
   1.2943779e-04
   1.2911111e-04
   1.2836780e-04
   1.2744357e-04
   1.2625322e-04
   1.2460148e-04
   1.2254516e-04
   1.1971758e-04
   1.1612923e-04
   1.1273831e-04
   1.0967410e-04
   1.0707427e-04
   1.0510526e-04
   1.0321520e-04
   1.0140696e-04
   9.9751775e-05
   9.8225660e-05
   9.7325614e-05
   9.7206110e-05
   9.7465661e-05
   9.8174097e-05
   9.9938802e-05
   1.0270066e-04
   1.0696312e-04
   1.1273947e-04
   1.1841930e-04
   1.2374562e-04
   1.2872025e-04
   1.3306723e-04
   1.3726311e-04
   1.4131232e-04
   1.4489389e-04
   1.4800692e-04
   1.5064369e-04
   1.5270983e-04
   1.5449996e-04
   1.5600191e-04
   1.5658717e-04
   1.5627181e-04
   1.5473749e-04
   1.5195110e-04
   1.4910237e-04
   1.4638565e-04
   1.4374448e-04
   1.4137691e-04
   1.3900768e-04
   1.3662871e-04
   1.3450045e-04
   1.3262791e-04
   1.3088853e-04
   1.2932255e-04
   1.2777806e-04
   1.2624677e-04
   1.2510698e-04
   1.2435468e-04
   1.2415726e-04
   1.2453470e-04
   1.2484760e-04
   1.2501248e-04
   1.2493631e-04
   1.2451353e-04
   1.2415745e-04
   1.2386677e-04
   1.2363630e-04
   1.2348864e-04
   1.2296401e-04
   1.2193754e-04
   1.2073131e-04
   1.1928353e-04
   1.1715188e-04
   1.1439778e-04
   1.1057118e-04
   1.0567469e-04
   1.0104860e-04
   9.6870956e-05
   9.3377226e-05
   9.0800875e-05
   8.8268591e-05
   8.5790525e-05
   8.3403166e-05
   8.1065428e-05
   7.9716059e-05
   7.9621011e-05
   8.0107619e-05
   8.1306160e-05
   8.4182000e-05
   8.8623736e-05
   9.5521579e-05
   1.0488721e-04
   1.1397517e-04
   1.2237280e-04
   1.2992248e-04
   1.3615166e-04
   1.4219639e-04
   1.4805649e-04
   1.5333645e-04
   1.5806440e-04
   1.6160802e-04
   1.6367999e-04
   1.6508500e-04
   1.6572410e-04
   1.6419559e-04
   1.6059183e-04
   1.5395371e-04
   1.4423152e-04
   1.3467140e-04
   1.2579740e-04
   1.1753948e-04
   1.1044723e-04
   1.0365680e-04
   9.7151192e-05
   9.1616358e-05
   8.7057150e-05
   8.3305994e-05
   8.0516697e-05
   7.8140678e-05
   7.6173246e-05
   7.5855036e-05
   7.7164329e-05
   8.0646571e-05
   8.6370356e-05
   9.2139919e-05
   9.7576544e-05
   1.0289466e-04
   1.0772973e-04
   1.1236907e-04
   1.1683420e-04
   1.2053562e-04
   1.2344661e-04
   1.2622170e-04
   1.2886697e-04
   1.3151698e-04
   1.3424681e-04
   1.3646298e-04
   1.3813166e-04
   1.3921487e-04
   1.3966298e-04
   1.4001943e-04
   1.4038991e-04
   1.4062946e-04
   1.4082123e-04
   1.4103457e-04
   1.4125727e-04
   1.4168462e-04
   1.4233155e-04
   1.4279790e-04
   1.4303280e-04
   1.4309169e-04
   1.4292144e-04
   1.4257984e-04
   1.4208992e-04
   1.4133611e-04
   1.4032819e-04
   1.3927474e-04
   1.3820838e-04
   1.3712293e-04
   1.3605537e-04
   1.3497248e-04
   1.3387272e-04
   1.3282081e-04
   1.3182070e-04
   1.3079282e-04
   1.2973248e-04
   1.2865488e-04
   1.2755337e-04
   1.2644492e-04
   1.2534131e-04
   1.2421049e-04
   1.2306058e-04
   1.2196505e-04
   1.2093292e-04
   1.2000393e-04
   1.1919411e-04
   1.1841569e-04
   1.1767291e-04
   1.1695182e-04
   1.1624853e-04
   1.1569488e-04
   1.1532419e-04
   1.1505869e-04
   1.1491683e-04
   1.1500522e-04
   1.1531171e-04
   1.1593647e-04
   1.1688203e-04
   1.1783523e-04
   1.1874107e-04
   1.1963338e-04
   1.2045882e-04
   1.2124030e-04
   1.2198098e-04
   1.2258233e-04
   1.2303823e-04
   1.2348911e-04
   1.2394436e-04
   1.2440154e-04
   1.2487696e-04
   1.2530439e-04
   1.2567160e-04
   1.2601302e-04
   1.2631829e-04
   1.2656480e-04
   1.2676084e-04
   1.2682332e-04
   1.2674573e-04
   1.2669228e-04
   1.2665770e-04
   1.2670981e-04
   1.2686148e-04
   1.2681127e-04
   1.2649670e-04
   1.2605674e-04
   1.2545154e-04
   1.2453190e-04
   1.2332745e-04
   1.2163833e-04
   1.1946754e-04
   1.1738086e-04
   1.1546231e-04
   1.1375254e-04
   1.1234990e-04
   1.1101109e-04
   1.0973646e-04
   1.0860728e-04
   1.0761718e-04
   1.0690530e-04
   1.0653345e-04
   1.0632879e-04
   1.0631285e-04
   1.0678674e-04
   1.0773193e-04
   1.0934701e-04
   1.1164405e-04
   1.1393603e-04
   1.1610467e-04
   1.1821147e-04
   1.2014054e-04
   1.2197916e-04
   1.2373377e-04
   1.2521112e-04
   1.2640192e-04
   1.2753135e-04
   1.2860376e-04
   1.2965623e-04
   1.3071461e-04
   1.3158931e-04
   1.3226468e-04
   1.3275149e-04
   1.3303009e-04
   1.3323207e-04
   1.3339810e-04
   1.3339261e-04
   1.3323360e-04
   1.3313619e-04
   1.3309098e-04
   1.3324073e-04
   1.3360555e-04
   1.3370084e-04
   1.3343679e-04
   1.3299542e-04
   1.3231265e-04
   1.3123426e-04
   1.2980510e-04
   1.2774102e-04
   1.2505114e-04
   1.2248450e-04
   1.2014257e-04
   1.1813783e-04
   1.1660132e-04
   1.1509479e-04
   1.1362179e-04
   1.1223465e-04
   1.1091495e-04
   1.1006918e-04
   1.0982259e-04
   1.0985429e-04
   1.1022211e-04
   1.1141058e-04
   1.1337272e-04
   1.1651498e-04
   1.2084856e-04
   1.2508203e-04
   1.2901075e-04
   1.3263349e-04
   1.3572970e-04
   1.3869036e-04
   1.4152011e-04
   1.4396437e-04
   1.4602432e-04
   1.4768311e-04
   1.4886238e-04
   1.4981350e-04
   1.5052662e-04
   1.5047476e-04
   1.4967278e-04
   1.4785642e-04
   1.4499826e-04
   1.4210257e-04
   1.3934111e-04
   1.3662399e-04
   1.3411859e-04
   1.3168228e-04
   1.2930565e-04
   1.2725568e-04
   1.2554411e-04
   1.2388712e-04
   1.2228516e-04
   1.2067326e-04
   1.1901975e-04
   1.1759863e-04
   1.1642544e-04
   1.1552298e-04
   1.1491479e-04
   1.1434098e-04
   1.1375117e-04
   1.1321864e-04
   1.1270410e-04
   1.1216725e-04
   1.1161489e-04
   1.1094926e-04
   1.1016314e-04
   1.0946678e-04
   1.0888864e-04
   1.0839499e-04
   1.0801418e-04
   1.0772646e-04
   1.0751916e-04
   1.0746156e-04
   1.0754884e-04
   1.0764708e-04
   1.0773781e-04
   1.0781062e-04
   1.0784213e-04
   1.0788680e-04
   1.0794516e-04
   1.0799299e-04
   1.0803127e-04
   1.0804460e-04
   1.0802272e-04
   1.0799038e-04
   1.0794400e-04
   1.0783540e-04
   1.0766523e-04
   1.0740635e-04
   1.0705520e-04
   1.0670541e-04
   1.0637264e-04
   1.0604386e-04
   1.0573389e-04
   1.0543606e-04
   1.0514842e-04
   1.0489917e-04
   1.0468939e-04
   1.0447604e-04
   1.0425521e-04
   1.0402860e-04
   1.0379071e-04
   1.0355684e-04
   1.0332970e-04
   1.0309973e-04
   1.0286887e-04
   1.0264642e-04
   1.0243303e-04
   1.0223435e-04
   1.0205235e-04
   1.0187536e-04
   1.0170368e-04
   1.0153612e-04
   1.0137208e-04
   1.0122619e-04
   1.0110198e-04
   1.0099223e-04
   1.0089909e-04
   1.0083171e-04
   1.0078909e-04
   1.0078063e-04
   1.0080668e-04
   1.0083946e-04
   1.0087416e-04
   1.0091448e-04
   1.0095579e-04
   1.0099913e-04
   1.0104498e-04
   1.0108387e-04
   1.0111525e-04
   1.0115434e-04
   1.0120243e-04
   1.0125904e-04
   1.0132603e-04
   1.0139680e-04
   1.0146992e-04
   1.0155005e-04
   1.0163596e-04
   1.0172337e-04
   1.0181353e-04
   1.0189287e-04
   1.0196021e-04
   1.0204283e-04
   1.0213962e-04
   1.0226241e-04
   1.0241305e-04
   1.0253986e-04
   1.0263240e-04
   1.0271113e-04
   1.0276881e-04
   1.0278616e-04
   1.0276810e-04
   1.0268036e-04
   1.0252388e-04
   1.0238613e-04
   1.0227656e-04
   1.0222135e-04
   1.0223568e-04
   1.0224032e-04
   1.0223617e-04
   1.0221566e-04
   1.0217396e-04
   1.0221289e-04
   1.0235805e-04
   1.0254595e-04
   1.0279028e-04
   1.0317520e-04
   1.0368942e-04
   1.0441779e-04
   1.0536088e-04
   1.0626176e-04
   1.0708121e-04
   1.0780899e-04
   1.0840102e-04
   1.0895413e-04
   1.0946905e-04
   1.0990310e-04
   1.1025861e-04
   1.1049840e-04
   1.1059975e-04
   1.1063322e-04
   1.1059319e-04
   1.1034967e-04
   1.0990952e-04
   1.0919793e-04
   1.0820954e-04
   1.0722165e-04
   1.0628515e-04
   1.0536053e-04
   1.0449491e-04
   1.0368496e-04
   1.0292814e-04
   1.0231675e-04
   1.0185808e-04
   1.0140403e-04
   1.0094118e-04
   1.0048599e-04
   1.0002133e-04
   9.9587712e-05
   9.9197843e-05
   9.8808465e-05
   9.8427838e-05
   9.8124791e-05
   9.7904889e-05
   9.7809925e-05
   9.7853731e-05
   9.7941977e-05
   9.8077151e-05
   9.8241518e-05
   9.8429148e-05
   9.8776696e-05
   9.9316326e-05
   9.9971638e-05
   1.0076073e-04
   1.0178007e-04
   1.0301610e-04
   1.0456718e-04
   1.0643391e-04
   1.0831333e-04
   1.1015352e-04
   1.1197249e-04
   1.1371752e-04
   1.1543651e-04
   1.1713044e-04
   1.1871703e-04
   1.2019136e-04
   1.2163380e-04
   1.2304230e-04
   1.2443160e-04
   1.2580887e-04
   1.2709655e-04
   1.2828719e-04
   1.2937843e-04
   1.3036117e-04
   1.3129319e-04
   1.3218721e-04
   1.3300605e-04
