   2.5190914e-02
   1.1255642e-02
   7.6872794e-03
   3.4009519e-02
   6.7793543e-02
   1.0112886e-01
   1.3266913e-01
   1.6289753e-01
   1.9045883e-01
   2.1671325e-01
   2.4170531e-01
   2.6337477e-01
   2.8162935e-01
   2.9833412e-01
   3.1339320e-01
   3.2746466e-01
   3.4073788e-01
   3.5084665e-01
   3.5766947e-01
   3.6089678e-01
   3.6031720e-01
   3.5847169e-01
   3.5592295e-01
   3.5152296e-01
   3.4566168e-01
   3.3968611e-01
   3.3351450e-01
   3.2859097e-01
   3.2508575e-01
   3.1905197e-01
   3.0983504e-01
   2.9873182e-01
   2.8524187e-01
   2.6852735e-01
   2.4894358e-01
   2.2448431e-01
   1.9524634e-01
   1.6646777e-01
   1.3893631e-01
   1.1307977e-01
   8.9832346e-02
   6.6974967e-02
   4.4533289e-02
   2.3302942e-02
   3.2518898e-03
   1.4395992e-02
   2.9077694e-02
   4.2221365e-02
   5.3610682e-02
   6.0692287e-02
   6.3593627e-02
   6.0604079e-02
   5.1598391e-02
   4.2310244e-02
   3.3680782e-02
   2.5335169e-02
   1.8225398e-02
   1.1267984e-02
   4.4046233e-03
   9.4244592e-04
   4.7347732e-03
   8.1860969e-03
   1.1222092e-02
   1.4358633e-02
   1.7724200e-02
   1.9655493e-02
   2.0098543e-02
   1.8710774e-02
   1.5364872e-02
   1.2086197e-02
   9.2341396e-03
   6.4732514e-03
   4.1215186e-03
   2.0862410e-03
   3.2943729e-04
   5.5453869e-04
   5.4011439e-04
   5.3149737e-04
   6.0123644e-04
   7.9618165e-04
   1.2382526e-03
   1.4565728e-03
   1.4151523e-03
   1.2160158e-03
   8.2491652e-04
   4.3000533e-04
   8.3335878e-05
   2.9847760e-04
   6.8422867e-04
   9.9168276e-04
   1.2199585e-03
   1.2903496e-03
   1.1902374e-03
   1.1021161e-03
   1.0466237e-03
   1.0120805e-03
   1.0229890e-03
   1.0203870e-03
   9.9718137e-04
   9.8563709e-04
   9.8173818e-04
   9.7327289e-04
   9.6239040e-04
   9.3982109e-04
   9.0417769e-04
   8.7619781e-04
   8.5728285e-04
   8.4905767e-04
   8.5378627e-04
   8.5577985e-04
   8.5266297e-04
   8.4807790e-04
   8.4003876e-04
   8.2965656e-04
   8.1760287e-04
   7.9998124e-04
   7.7688158e-04
   7.5473250e-04
   7.3427684e-04
   7.1566663e-04
   6.9988618e-04
   6.8452932e-04
   6.6939589e-04
   6.5578607e-04
   6.4355135e-04
   6.3230582e-04
   6.2220242e-04
   6.1253107e-04
   6.0323348e-04
   5.9576073e-04
   5.9010519e-04
   5.8670124e-04
   5.8563901e-04
   5.8480250e-04
   5.8379906e-04
   5.8299586e-04
   5.8204480e-04
   5.8091739e-04
   5.7964140e-04
   5.7751358e-04
   5.7448162e-04
   5.7173426e-04
   5.6938765e-04
   5.6733223e-04
   5.6571344e-04
   5.6419389e-04
   5.6268747e-04
   5.6150608e-04
   5.6059429e-04
   5.5951254e-04
   5.5822299e-04
   5.5649510e-04
   5.5424099e-04
   5.5198307e-04
   5.4970752e-04
   5.4748427e-04
   5.4534173e-04
   5.4257691e-04
   5.3902031e-04
   5.3504791e-04
   5.3056085e-04
   5.2508068e-04
   5.1866901e-04
   5.1082610e-04
   5.0154332e-04
   4.9231338e-04
   4.8338024e-04
   4.7468549e-04
   4.6648385e-04
   4.5845458e-04
   4.5058837e-04
   4.4324960e-04
   4.3644956e-04
   4.2993365e-04
   4.2373675e-04
   4.1770884e-04
   4.1182818e-04
   4.0655039e-04
   4.0189171e-04
   3.9796011e-04
   3.9479413e-04
   3.9181277e-04
   3.8890492e-04
   3.8623249e-04
   3.8370573e-04
   3.8121832e-04
   3.7878591e-04
   3.7617018e-04
   3.7335201e-04
   3.7086169e-04
   3.6877438e-04
   3.6697575e-04
   3.6553468e-04
   3.6444877e-04
   3.6367685e-04
   3.6343396e-04
   3.6370351e-04
   3.6401047e-04
   3.6429340e-04
   3.6445646e-04
   3.6441358e-04
   3.6447425e-04
   3.6463294e-04
   3.6486549e-04
   3.6518317e-04
   3.6527426e-04
   3.6504754e-04
   3.6471240e-04
   3.6422119e-04
   3.6326534e-04
   3.6187357e-04
   3.5976472e-04
   3.5692868e-04
   3.5421446e-04
   3.5174882e-04
   3.4955097e-04
   3.4776249e-04
   3.4607434e-04
   3.4447978e-04
   3.4312321e-04
   3.4199514e-04
   3.4118676e-04
   3.4076419e-04
   3.4050838e-04
   3.4043228e-04
   3.4094202e-04
   3.4201565e-04
   3.4388213e-04
   3.4655722e-04
   3.4918486e-04
   3.5161105e-04
   3.5393586e-04
   3.5601367e-04
   3.5790132e-04
   3.5960627e-04
   3.6086450e-04
   3.6165886e-04
   3.6235938e-04
   3.6298824e-04
   3.6355386e-04
   3.6409992e-04
   3.6442410e-04
   3.6449798e-04
   3.6439168e-04
   3.6407924e-04
   3.6357386e-04
   3.6290706e-04
   3.6188293e-04
   3.6049828e-04
   3.5912165e-04
   3.5774179e-04
   3.5653110e-04
   3.5552112e-04
   3.5400806e-04
   3.5185099e-04
   3.4936282e-04
   3.4645200e-04
   3.4279915e-04
   3.3847378e-04
   3.3302575e-04
   3.2646460e-04
   3.2005790e-04
   3.1399526e-04
   3.0836931e-04
   3.0340195e-04
   2.9855263e-04
   2.9382413e-04
   2.8939977e-04
   2.8526762e-04
   2.8173762e-04
   2.7894723e-04
   2.7652626e-04
   2.7452476e-04
   2.7358891e-04
   2.7367929e-04
   2.7523472e-04
   2.7828115e-04
   2.8133352e-04
   2.8414665e-04
   2.8679640e-04
   2.8903253e-04
   2.9116374e-04
   2.9320053e-04
   2.9478770e-04
   2.9591512e-04
   2.9682992e-04
   2.9749713e-04
   2.9807931e-04
   2.9859949e-04
   2.9859061e-04
   2.9804370e-04
   2.9682604e-04
   2.9490409e-04
   2.9292738e-04
   2.9100898e-04
   2.8905985e-04
   2.8718403e-04
   2.8532616e-04
   2.8347625e-04
   2.8181770e-04
   2.8035848e-04
   2.7885231e-04
   2.7728640e-04
   2.7563188e-04
   2.7385776e-04
   2.7213335e-04
   2.7047034e-04
   2.6885881e-04
   2.6731323e-04
   2.6571812e-04
   2.6404829e-04
   2.6235110e-04
   2.6061015e-04
   2.5878470e-04
   2.5688004e-04
   2.5484141e-04
   2.5266602e-04
   2.5049297e-04
   2.4834158e-04
   2.4620901e-04
   2.4411768e-04
   2.4202068e-04
   2.3991161e-04
   2.3784070e-04
   2.3580313e-04
   2.3376369e-04
   2.3174362e-04
   2.2960068e-04
   2.2732960e-04
   2.2523761e-04
   2.2331931e-04
   2.2171175e-04
   2.2044234e-04
   2.1894402e-04
   2.1710494e-04
   2.1517216e-04
   2.1307178e-04
   2.1056506e-04
   2.0771184e-04
   2.0413185e-04
   1.9983745e-04
   1.9585163e-04
   1.9230273e-04
   1.8941346e-04
   1.8736311e-04
   1.8540760e-04
   1.8355557e-04
   1.8180463e-04
   1.8011587e-04
   1.7933587e-04
   1.7969389e-04
   1.8061172e-04
   1.8220444e-04
   1.8527991e-04
   1.8974051e-04
   1.9634266e-04
   2.0509478e-04
   2.1365732e-04
   2.2166712e-04
   2.2905129e-04
   2.3540599e-04
   2.4156487e-04
   2.4752982e-04
   2.5289530e-04
   2.5767191e-04
   2.6158357e-04
   2.6443589e-04
   2.6679754e-04
   2.6861692e-04
   2.6880994e-04
   2.6742503e-04
   2.6382300e-04
   2.5795340e-04
   2.5209661e-04
   2.4663726e-04
   2.4140254e-04
   2.3677382e-04
   2.3237577e-04
   2.2818697e-04
   2.2479841e-04
   2.2223106e-04
   2.1991435e-04
   2.1786538e-04
   2.1588778e-04
   2.1391712e-04
   2.1263913e-04
   2.1208223e-04
   2.1233734e-04
   2.1345991e-04
   2.1469366e-04
   2.1587636e-04
   2.1729301e-04
   2.1882502e-04
   2.2017775e-04
   2.2137171e-04
   2.2202691e-04
   2.2210275e-04
   2.2256540e-04
   2.2356585e-04
   2.2483542e-04
   2.2649923e-04
   2.2866814e-04
   2.3126118e-04
   2.3473379e-04
   2.3906036e-04
   2.4314347e-04
   2.4683729e-04
   2.4995667e-04
   2.5230740e-04
   2.5455590e-04
   2.5669583e-04
   2.5865405e-04
   2.6045867e-04
   2.6148523e-04
   2.6154378e-04
   2.6111401e-04
   2.6010671e-04
   2.5780061e-04
   2.5426404e-04
   2.4889593e-04
   2.4167760e-04
   2.3452570e-04
   2.2775176e-04
   2.2130479e-04
   2.1551145e-04
   2.0989923e-04
   2.0445811e-04
   1.9961960e-04
   1.9539161e-04
   1.9158582e-04
   1.8827625e-04
   1.8518656e-04
   1.8230428e-04
   1.8031472e-04
   1.7921933e-04
   1.7926666e-04
   1.8050257e-04
   1.8183646e-04
   1.8306858e-04
   1.8439783e-04
   1.8564700e-04
   1.8678663e-04
   1.8783489e-04
   1.8841729e-04
   1.8850763e-04
   1.8877023e-04
   1.8927629e-04
   1.8995038e-04
   1.9087545e-04
   1.9189701e-04
   1.9296518e-04
   1.9428050e-04
   1.9581250e-04
   1.9723855e-04
   1.9853233e-04
   1.9952075e-04
   2.0014105e-04
   2.0079911e-04
   2.0148373e-04
   2.0226733e-04
   2.0317248e-04
   2.0361780e-04
   2.0346898e-04
   2.0301171e-04
   2.0216363e-04
   2.0058653e-04
   1.9833463e-04
   1.9499027e-04
   1.9055408e-04
   1.8619692e-04
   1.8207998e-04
   1.7834403e-04
   1.7519064e-04
   1.7198700e-04
   1.6873650e-04
   1.6553711e-04
   1.6236448e-04
   1.5976757e-04
   1.5792140e-04
   1.5638491e-04
   1.5523905e-04
   1.5515550e-04
   1.5606861e-04
   1.5856262e-04
   1.6265172e-04
   1.6653245e-04
   1.6994548e-04
   1.7274118e-04
   1.7461257e-04
   1.7641983e-04
   1.7816379e-04
   1.7964349e-04
   1.8089087e-04
   1.8127438e-04
   1.8056479e-04
   1.7939419e-04
   1.7767234e-04
   1.7437965e-04
   1.6960392e-04
   1.6256460e-04
   1.5323653e-04
   1.4417444e-04
   1.3577909e-04
   1.2809096e-04
   1.2154686e-04
   1.1529071e-04
   1.0931633e-04
   1.0408298e-04
   9.9580639e-05
   9.6018753e-05
   9.3588813e-05
   9.1701295e-05
   9.0397220e-05
   9.0823597e-05
   9.2929887e-05
   9.7367616e-05
   1.0418752e-04
   1.1102150e-04
   1.1747103e-04
   1.2368702e-04
   1.2927070e-04
   1.3466211e-04
   1.3987812e-04
   1.4433344e-04
   1.4800754e-04
   1.5137315e-04
   1.5438796e-04
   1.5729350e-04
   1.6013791e-04
   1.6217824e-04
   1.6339520e-04
   1.6361294e-04
   1.6277644e-04
   1.6185270e-04
   1.6101940e-04
   1.6009049e-04
   1.5922018e-04
   1.5843200e-04
   1.5770875e-04
   1.5737087e-04
   1.5743952e-04
   1.5735099e-04
   1.5704570e-04
   1.5657391e-04
   1.5586367e-04
   1.5506476e-04
   1.5421335e-04
   1.5316475e-04
   1.5194092e-04
   1.5074378e-04
   1.4959429e-04
   1.4856338e-04
   1.4768995e-04
   1.4680116e-04
   1.4590103e-04
   1.4498774e-04
   1.4405434e-04
   1.4329254e-04
   1.4275105e-04
   1.4233619e-04
   1.4207773e-04
   1.4209409e-04
   1.4237116e-04
   1.4304586e-04
   1.4412119e-04
   1.4522011e-04
   1.4629233e-04
   1.4729523e-04
   1.4816523e-04
   1.4910648e-04
   1.5011847e-04
   1.5117266e-04
   1.5227682e-04
   1.5325213e-04
   1.5404447e-04
   1.5477894e-04
   1.5542793e-04
   1.5581124e-04
   1.5594994e-04
   1.5565714e-04
   1.5493127e-04
   1.5430050e-04
   1.5382250e-04
   1.5364624e-04
   1.5386164e-04
   1.5399741e-04
   1.5405823e-04
   1.5399498e-04
   1.5377828e-04
   1.5401982e-04
   1.5487051e-04
   1.5595764e-04
   1.5736273e-04
   1.5956739e-04
   1.6250039e-04
   1.6667607e-04
   1.7209241e-04
   1.7722384e-04
   1.8185177e-04
   1.8581408e-04
   1.8884630e-04
   1.9172358e-04
   1.9444164e-04
   1.9684812e-04
   1.9897142e-04
   2.0018474e-04
   2.0027334e-04
   1.9981142e-04
   1.9870924e-04
   1.9605715e-04
   1.9193566e-04
   1.8563230e-04
   1.7712471e-04
   1.6873130e-04
   1.6082183e-04
   1.5339682e-04
   1.4685337e-04
   1.4049441e-04
   1.3431387e-04
   1.2876814e-04
   1.2385742e-04
   1.1961884e-04
   1.1619575e-04
   1.1313897e-04
   1.1046920e-04
   1.0913224e-04
   1.0910230e-04
   1.1086372e-04
   1.1446682e-04
   1.1810128e-04
   1.2146551e-04
   1.2468723e-04
   1.2746638e-04
   1.3013944e-04
   1.3272446e-04
   1.3477592e-04
   1.3628250e-04
   1.3761519e-04
   1.3874400e-04
   1.3987354e-04
   1.4104576e-04
   1.4166074e-04
   1.4170763e-04
   1.4104580e-04
   1.3963321e-04
   1.3827191e-04
   1.3711882e-04
   1.3597487e-04
   1.3496886e-04
   1.3421942e-04
   1.3370919e-04
   1.3375794e-04
   1.3439056e-04
   1.3493609e-04
   1.3530825e-04
   1.3560553e-04
   1.3573817e-04
   1.3580457e-04
   1.3585409e-04
   1.3563313e-04
   1.3516761e-04
   1.3489725e-04
   1.3484037e-04
   1.3529864e-04
   1.3635103e-04
   1.3726982e-04
   1.3806746e-04
   1.3855400e-04
   1.3867637e-04
   1.3956041e-04
   1.4145364e-04
   1.4378439e-04
   1.4670172e-04
   1.5086081e-04
   1.5614345e-04
   1.6336245e-04
   1.7250729e-04
   1.8125134e-04
   1.8926170e-04
   1.9628907e-04
   2.0192867e-04
   2.0735460e-04
   2.1255966e-04
   2.1730229e-04
   2.2162340e-04
   2.2459321e-04
   2.2588937e-04
   2.2636258e-04
   2.2587702e-04
   2.2307629e-04
   2.1807607e-04
   2.0981831e-04
   1.9826613e-04
   1.8685306e-04
   1.7612450e-04
   1.6607593e-04
   1.5729305e-04
   1.4874399e-04
   1.4041701e-04
   1.3298763e-04
   1.2645401e-04
   1.2086144e-04
   1.1641845e-04
   1.1246149e-04
   1.0901822e-04
   1.0748252e-04
   1.0781484e-04
   1.1072644e-04
   1.1628990e-04
   1.2183699e-04
   1.2692290e-04
   1.3172837e-04
   1.3581018e-04
   1.3967463e-04
   1.4334628e-04
   1.4617737e-04
   1.4815090e-04
   1.4978308e-04
   1.5102625e-04
   1.5217470e-04
   1.5328512e-04
   1.5350209e-04
   1.5281311e-04
   1.5099614e-04
   1.4799465e-04
   1.4498293e-04
   1.4217308e-04
   1.3939086e-04
   1.3682756e-04
   1.3442434e-04
   1.3216605e-04
   1.3040139e-04
   1.2915062e-04
   1.2790644e-04
   1.2663374e-04
   1.2531459e-04
   1.2388550e-04
   1.2261417e-04
   1.2152770e-04
   1.2056454e-04
   1.1974950e-04
   1.1900220e-04
   1.1829743e-04
   1.1770662e-04
   1.1721946e-04
   1.1674336e-04
   1.1628096e-04
   1.1577744e-04
   1.1522335e-04
   1.1480145e-04
   1.1454502e-04
   1.1438711e-04
   1.1435158e-04
   1.1449720e-04
   1.1481229e-04
   1.1537761e-04
   1.1619477e-04
   1.1702430e-04
   1.1781372e-04
   1.1865824e-04
   1.1951784e-04
   1.2026558e-04
   1.2090880e-04
   1.2129849e-04
   1.2141799e-04
   1.2166810e-04
   1.2211462e-04
   1.2262868e-04
   1.2326191e-04
   1.2408968e-04
   1.2507204e-04
   1.2643647e-04
   1.2816929e-04
   1.2971626e-04
   1.3101830e-04
   1.3188900e-04
   1.3223006e-04
   1.3257373e-04
   1.3291250e-04
   1.3330571e-04
   1.3378637e-04
   1.3365469e-04
   1.3273669e-04
   1.3146689e-04
   1.2975276e-04
   1.2702042e-04
   1.2334753e-04
   1.1816444e-04
   1.1146800e-04
   1.0500640e-04
   9.9058110e-05
   9.3638121e-05
   8.9048506e-05
   8.4753634e-05
   8.0749580e-05
   7.7384109e-05
   7.4656526e-05
   7.2595586e-05
   7.1310584e-05
   7.0453745e-05
   7.0039168e-05
   7.0797911e-05
   7.2711341e-05
   7.6132101e-05
   8.1099803e-05
   8.6238650e-05
   9.1298940e-05
   9.6485696e-05
   1.0156890e-04
   1.0656999e-04
   1.1150379e-04
   1.1592166e-04
   1.1978927e-04
   1.2382464e-04
   1.2809357e-04
   1.3251237e-04
   1.3716327e-04
   1.4186178e-04
   1.4654845e-04
   1.5141760e-04
   1.5643154e-04
   1.6126010e-04
   1.6585683e-04
   1.7013064e-04
   1.7401385e-04
   1.7772529e-04
   1.8125581e-04
   1.8457619e-04
   1.8769063e-04
   1.9038923e-04
   1.9260495e-04
   1.9448720e-04
   1.9600249e-04
   1.9691042e-04
   1.9722395e-04
   1.9677223e-04
   1.9554104e-04
   1.9410781e-04
   1.9258824e-04
   1.9081470e-04
   1.8888301e-04
   1.8695730e-04
   1.8502576e-04
   1.8336747e-04
   1.8201255e-04
   1.8030238e-04
   1.7813783e-04
   1.7572240e-04
   1.7297664e-04
   1.6980387e-04
   1.6627019e-04
   1.6204388e-04
   1.5714987e-04
   1.5242957e-04
   1.4799912e-04
   1.4401558e-04
   1.4063257e-04
   1.3732635e-04
   1.3410815e-04
   1.3102534e-04
   1.2805956e-04
   1.2574084e-04
   1.2422760e-04
   1.2313929e-04
   1.2255425e-04
   1.2304113e-04
   1.2454527e-04
   1.2756270e-04
   1.3210818e-04
   1.3663746e-04
   1.4090839e-04
   1.4491717e-04
   1.4840097e-04
   1.5183518e-04
   1.5522556e-04
   1.5827205e-04
   1.6097623e-04
   1.6330471e-04
   1.6516281e-04
   1.6684057e-04
   1.6832248e-04
   1.6900305e-04
   1.6889946e-04
   1.6769033e-04
   1.6534373e-04
   1.6303057e-04
   1.6093632e-04
   1.5902985e-04
   1.5750462e-04
   1.5603312e-04
   1.5460531e-04
   1.5345508e-04
   1.5257890e-04
   1.5194778e-04
   1.5162194e-04
   1.5137379e-04
   1.5120247e-04
   1.5158804e-04
   1.5251380e-04
   1.5421191e-04
   1.5670390e-04
   1.5908005e-04
   1.6118600e-04
   1.6307922e-04
   1.6460678e-04
   1.6594238e-04
   1.6709290e-04
   1.6783770e-04
   1.6817089e-04
   1.6826056e-04
   1.6808710e-04
   1.6776775e-04
   1.6732230e-04
   1.6642928e-04
   1.6508674e-04
   1.6321146e-04
   1.6078382e-04
   1.5826430e-04
   1.5574762e-04
   1.5311269e-04
   1.5043703e-04
   1.4781964e-04
   1.4525541e-04
   1.4294018e-04
   1.4089658e-04
   1.3869984e-04
   1.3629158e-04
   1.3379011e-04
   1.3114566e-04
   1.2832509e-04
   1.2536757e-04
   1.2209126e-04
   1.1851088e-04
   1.1508702e-04
   1.1189509e-04
   1.0894974e-04
   1.0633492e-04
   1.0391437e-04
   1.0168946e-04
   9.9764439e-05
   9.8141744e-05
   9.6806248e-05
   9.5785821e-05
   9.4991722e-05
   9.4425595e-05
   9.4294765e-05
   9.4601316e-05
   9.5411234e-05
   9.6741340e-05
   9.8263421e-05
   9.9895637e-05
   1.0183109e-04
   1.0401676e-04
   1.0616592e-04
   1.0829044e-04
   1.1013993e-04
   1.1168045e-04
   1.1365611e-04
   1.1619586e-04
   1.1902652e-04
   1.2224158e-04
   1.2604713e-04
   1.3036789e-04
   1.3563211e-04
   1.4181810e-04
   1.4779829e-04
   1.5342074e-04
   1.5847920e-04
   1.6277201e-04
   1.6701615e-04
   1.7119997e-04
   1.7527200e-04
   1.7926131e-04
   1.8242919e-04
   1.8455941e-04
   1.8618309e-04
   1.8719373e-04
   1.8680970e-04
   1.8511123e-04
   1.8140409e-04
   1.7567129e-04
   1.7006848e-04
   1.6492928e-04
   1.6029387e-04
   1.5652987e-04
   1.5290473e-04
   1.4941162e-04
   1.4643777e-04
   1.4397355e-04
   1.4219572e-04
   1.4126377e-04
   1.4069469e-04
   1.4052417e-04
   1.4169138e-04
   1.4415623e-04
   1.4845663e-04
   1.5463537e-04
   1.6075622e-04
   1.6649922e-04
   1.7196357e-04
