   3.7791280e-02
   2.0736172e-02
   2.7649465e-03
   3.5964878e-02
   7.8953094e-02
   1.2115461e-01
   1.6082815e-01
   1.9827326e-01
   2.3167579e-01
   2.6355805e-01
   2.9396343e-01
   3.2047481e-01
   3.4303289e-01
   3.6278100e-01
   3.7932382e-01
   3.9414642e-01
   4.0732863e-01
   4.1510172e-01
   4.1744524e-01
   4.1305192e-01
   4.0166497e-01
   3.8916082e-01
   3.7663721e-01
   3.6290526e-01
   3.4892179e-01
   3.3509244e-01
   3.2132145e-01
   3.0973326e-01
   3.0050029e-01
   2.8961066e-01
   2.7658983e-01
   2.6213263e-01
   2.4574982e-01
   2.2791456e-01
   2.0895156e-01
   1.8748216e-01
   1.6367311e-01
   1.4034068e-01
   1.1786585e-01
   9.6853437e-02
   7.7835369e-02
   5.9028947e-02
   4.0481757e-02
   2.2393687e-02
   4.7146381e-03
   1.0829413e-02
   2.3712274e-02
   3.5112107e-02
   4.4757463e-02
   5.0853273e-02
   5.3541506e-02
   5.1295720e-02
   4.4042042e-02
   3.6508128e-02
   2.9456586e-02
   2.2647329e-02
   1.6869389e-02
   1.1126307e-02
   5.3727755e-03
   7.5151056e-04
   2.7121424e-03
   5.8697327e-03
   8.6312994e-03
   1.1458319e-02
   1.4433307e-02
   1.6165251e-02
   1.6614326e-02
   1.5438461e-02
   1.2530032e-02
   9.6872321e-03
   7.2236389e-03
   4.8537384e-03
   2.8588667e-03
   1.1338262e-03
   3.5697171e-04
   1.0913191e-03
   1.0495819e-03
   1.0136813e-03
   1.0458565e-03
   1.1895643e-03
   1.5505503e-03
   1.7187902e-03
   1.6631185e-03
   1.4721134e-03
   1.1158885e-03
   7.5797067e-04
   4.4350470e-04
   9.9990632e-05
   2.4552930e-04
   5.2187726e-04
   7.2837351e-04
   7.9677652e-04
   7.1622031e-04
   6.4503240e-04
   6.0115232e-04
   5.7468904e-04
   5.8696539e-04
   5.8660891e-04
   5.6756872e-04
   5.5766838e-04
   5.5349128e-04
   5.4526664e-04
   5.3501243e-04
   5.1494648e-04
   4.8405453e-04
   4.5974165e-04
   4.4328248e-04
   4.3609287e-04
   4.4014392e-04
   4.4267615e-04
   4.4188603e-04
   4.4038509e-04
   4.3659043e-04
   4.3233664e-04
   4.2814263e-04
   4.2137260e-04
   4.1214570e-04
   4.0372637e-04
   3.9636932e-04
   3.9044718e-04
   3.8643132e-04
   3.8247652e-04
   3.7844173e-04
   3.7477282e-04
   3.7131005e-04
   3.6863480e-04
   3.6693619e-04
   3.6561592e-04
   3.6473212e-04
   3.6506743e-04
   3.6654626e-04
   3.6971495e-04
   3.7459029e-04
   3.7933112e-04
   3.8364548e-04
   3.8749822e-04
   3.9057185e-04
   3.9348662e-04
   3.9624298e-04
   3.9851442e-04
   4.0030556e-04
   4.0143895e-04
   4.0176979e-04
   4.0172620e-04
   4.0127263e-04
   3.9957900e-04
   3.9668246e-04
   3.9209329e-04
   3.8577469e-04
   3.7946577e-04
   3.7344995e-04
   3.6766299e-04
   3.6239704e-04
   3.5722953e-04
   3.5214967e-04
   3.4753774e-04
   3.4339945e-04
   3.3957887e-04
   3.3614326e-04
   3.3283777e-04
   3.2965186e-04
   3.2719817e-04
   3.2547027e-04
   3.2472310e-04
   3.2499134e-04
   3.2523934e-04
   3.2530064e-04
   3.2520861e-04
   3.2479230e-04
   3.2433553e-04
   3.2384574e-04
   3.2312074e-04
   3.2216236e-04
   3.2098621e-04
   3.1953809e-04
   3.1801434e-04
   3.1641356e-04
   3.1432618e-04
   3.1176965e-04
   3.0852508e-04
   3.0457706e-04
   3.0073395e-04
   2.9711738e-04
   2.9377451e-04
   2.9084265e-04
   2.8796789e-04
   2.8515045e-04
   2.8248855e-04
   2.7997091e-04
   2.7784265e-04
   2.7620012e-04
   2.7476949e-04
   2.7358603e-04
   2.7310415e-04
   2.7328597e-04
   2.7447022e-04
   2.7666793e-04
   2.7876014e-04
   2.8057310e-04
   2.8207531e-04
   2.8307525e-04
   2.8397661e-04
   2.8478129e-04
   2.8530229e-04
   2.8554671e-04
   2.8536505e-04
   2.8466121e-04
   2.8372515e-04
   2.8253188e-04
   2.8054134e-04
   2.7778222e-04
   2.7392783e-04
   2.6895639e-04
   2.6403275e-04
   2.5935343e-04
   2.5484562e-04
   2.5070619e-04
   2.4672099e-04
   2.4288199e-04
   2.3947978e-04
   2.3652483e-04
   2.3377731e-04
   2.3125666e-04
   2.2884700e-04
   2.2652348e-04
   2.2464920e-04
   2.2323466e-04
   2.2235816e-04
   2.2204698e-04
   2.2184149e-04
   2.2165312e-04
   2.2159189e-04
   2.2158411e-04
   2.2157255e-04
   2.2156529e-04
   2.2138931e-04
   2.2102915e-04
   2.2083568e-04
   2.2085429e-04
   2.2101153e-04
   2.2135057e-04
   2.2185893e-04
   2.2250932e-04
   2.2342746e-04
   2.2460209e-04
   2.2574745e-04
   2.2681599e-04
   2.2780804e-04
   2.2867140e-04
   2.2946760e-04
   2.3019630e-04
   2.3077977e-04
   2.3121377e-04
   2.3155785e-04
   2.3180534e-04
   2.3197886e-04
   2.3208258e-04
   2.3202765e-04
   2.3180548e-04
   2.3141443e-04
   2.3084278e-04
   2.3016402e-04
   2.2940494e-04
   2.2845470e-04
   2.2732251e-04
   2.2619994e-04
   2.2507918e-04
   2.2407604e-04
   2.2320816e-04
   2.2205900e-04
   2.2054838e-04
   2.1885154e-04
   2.1691464e-04
   2.1456991e-04
   2.1185903e-04
   2.0852127e-04
   2.0456438e-04
   2.0070793e-04
   1.9705583e-04
   1.9368674e-04
   1.9072735e-04
   1.8781998e-04
   1.8496787e-04
   1.8225162e-04
   1.7966022e-04
   1.7746797e-04
   1.7577347e-04
   1.7431885e-04
   1.7314541e-04
   1.7267366e-04
   1.7287157e-04
   1.7405449e-04
   1.7623682e-04
   1.7838266e-04
   1.8032222e-04
   1.8209895e-04
   1.8353780e-04
   1.8486953e-04
   1.8610163e-04
   1.8699015e-04
   1.8753009e-04
   1.8787233e-04
   1.8798687e-04
   1.8800945e-04
   1.8795467e-04
   1.8746236e-04
   1.8652870e-04
   1.8504777e-04
   1.8299454e-04
   1.8089655e-04
   1.7885764e-04
   1.7674184e-04
   1.7463468e-04
   1.7263108e-04
   1.7072066e-04
   1.6912208e-04
   1.6785533e-04
   1.6644754e-04
   1.6483410e-04
   1.6311946e-04
   1.6124383e-04
   1.5921288e-04
   1.5706600e-04
   1.5460671e-04
   1.5185177e-04
   1.4923364e-04
   1.4680423e-04
   1.4467708e-04
   1.4293039e-04
   1.4122719e-04
   1.3957260e-04
   1.3796295e-04
   1.3638122e-04
   1.3521316e-04
   1.3456273e-04
   1.3417520e-04
   1.3410412e-04
   1.3470662e-04
   1.3594278e-04
   1.3813924e-04
   1.4130307e-04
   1.4441638e-04
   1.4731312e-04
   1.5002276e-04
   1.5237139e-04
   1.5460121e-04
   1.5671816e-04
   1.5848507e-04
   1.5989732e-04
   1.6107981e-04
   1.6199653e-04
   1.6279481e-04
   1.6348535e-04
   1.6369103e-04
   1.6340802e-04
   1.6252147e-04
   1.6100385e-04
   1.5942069e-04
   1.5788979e-04
   1.5622023e-04
   1.5450292e-04
   1.5293150e-04
   1.5149120e-04
   1.5046412e-04
   1.4987892e-04
   1.4904004e-04
   1.4784144e-04
   1.4646933e-04
   1.4483399e-04
   1.4287553e-04
   1.4065575e-04
   1.3783744e-04
   1.3444382e-04
   1.3125953e-04
   1.2837311e-04
   1.2602041e-04
   1.2434187e-04
   1.2265223e-04
   1.2096260e-04
   1.1922230e-04
   1.1739348e-04
   1.1633574e-04
   1.1626683e-04
   1.1666502e-04
   1.1764840e-04
   1.1990819e-04
   1.2335253e-04
   1.2868711e-04
   1.3591674e-04
   1.4292498e-04
   1.4939297e-04
   1.5520908e-04
   1.6000881e-04
   1.6464189e-04
   1.6910921e-04
   1.7309000e-04
   1.7660341e-04
   1.7922325e-04
   1.8074130e-04
   1.8174176e-04
   1.8215575e-04
   1.8094701e-04
   1.7817882e-04
   1.7316158e-04
   1.6585609e-04
   1.5861375e-04
   1.5181509e-04
   1.4539878e-04
   1.3976223e-04
   1.3429737e-04
   1.2899149e-04
   1.2434785e-04
   1.2037186e-04
   1.1691197e-04
   1.1407264e-04
   1.1147884e-04
   1.0912430e-04
   1.0787707e-04
   1.0772498e-04
   1.0904377e-04
   1.1188266e-04
   1.1473164e-04
   1.1733797e-04
   1.1981118e-04
   1.2190179e-04
   1.2389304e-04
   1.2579896e-04
   1.2725802e-04
   1.2826082e-04
   1.2909126e-04
   1.2972183e-04
   1.3032058e-04
   1.3091881e-04
   1.3103710e-04
   1.3067189e-04
   1.2968359e-04
   1.2804346e-04
   1.2643714e-04
   1.2497762e-04
   1.2363610e-04
   1.2252569e-04
   1.2146670e-04
   1.2045530e-04
   1.1962297e-04
   1.1896962e-04
   1.1848781e-04
   1.1821371e-04
   1.1801788e-04
   1.1790171e-04
   1.1813259e-04
   1.1869660e-04
   1.1974846e-04
   1.2129577e-04
   1.2278969e-04
   1.2415571e-04
   1.2530595e-04
   1.2614586e-04
   1.2702613e-04
   1.2794197e-04
   1.2888286e-04
   1.2986462e-04
   1.3049659e-04
   1.3066982e-04
   1.3065368e-04
   1.3039313e-04
   1.2950888e-04
   1.2804881e-04
   1.2563568e-04
   1.2226794e-04
   1.1906886e-04
   1.1619065e-04
   1.1379795e-04
   1.1208460e-04
   1.1037899e-04
   1.0868636e-04
   1.0706674e-04
   1.0549002e-04
   1.0461914e-04
   1.0465142e-04
   1.0507883e-04
   1.0599409e-04
   1.0814696e-04
   1.1145657e-04
   1.1658624e-04
   1.2354762e-04
   1.3027190e-04
   1.3644676e-04
   1.4196569e-04
   1.4647356e-04
   1.5080649e-04
   1.5496590e-04
   1.5864462e-04
   1.6186316e-04
   1.6418487e-04
   1.6540101e-04
   1.6610858e-04
   1.6623946e-04
   1.6474176e-04
   1.6168251e-04
   1.5636196e-04
   1.4874201e-04
   1.4122375e-04
   1.3420150e-04
   1.2758765e-04
   1.2178888e-04
   1.1624069e-04
   1.1092904e-04
   1.0639786e-04
   1.0265755e-04
   9.9441190e-05
   9.6835186e-05
   9.4492379e-05
   9.2390660e-05
   9.1395403e-05
   9.1505647e-05
   9.3031303e-05
   9.6026967e-05
   9.9113430e-05
   1.0203914e-04
   1.0503073e-04
   1.0786190e-04
   1.1053815e-04
   1.1307870e-04
   1.1503268e-04
   1.1636893e-04
   1.1783229e-04
   1.1949367e-04
   1.2129187e-04
   1.2331814e-04
   1.2534732e-04
   1.2732556e-04
   1.2944410e-04
   1.3166724e-04
   1.3374081e-04
   1.3564616e-04
   1.3722817e-04
   1.3843522e-04
   1.3960933e-04
   1.4074103e-04
   1.4188886e-04
   1.4307233e-04
   1.4380967e-04
   1.4398805e-04
   1.4385463e-04
   1.4334206e-04
   1.4214633e-04
   1.4031010e-04
   1.3749787e-04
   1.3370599e-04
   1.2992046e-04
   1.2629819e-04
   1.2282911e-04
   1.1968215e-04
   1.1658924e-04
   1.1354621e-04
   1.1076656e-04
   1.0825326e-04
   1.0594873e-04
   1.0389818e-04
   1.0195554e-04
   1.0012130e-04
   9.8742794e-05
   9.7819804e-05
   9.7496793e-05
   9.7797407e-05
   9.8141704e-05
   9.8431206e-05
   9.8735585e-05
   9.8961530e-05
   9.9171396e-05
   9.9374383e-05
   9.9409184e-05
   9.9269927e-05
   9.9164745e-05
   9.9104128e-05
   9.9111273e-05
   9.9212324e-05
   9.9267538e-05
   9.9266702e-05
   9.9221456e-05
   9.9119933e-05
   9.9049116e-05
   9.9028565e-05
   9.9022579e-05
   9.9043966e-05
   9.9124781e-05
   9.9262694e-05
   9.9495387e-05
   9.9826711e-05
   1.0016056e-04
   1.0048178e-04
   1.0081274e-04
   1.0114004e-04
   1.0145667e-04
   1.0176750e-04
   1.0203678e-04
   1.0226436e-04
   1.0253313e-04
   1.0285789e-04
   1.0321739e-04
   1.0362454e-04
   1.0409575e-04
   1.0462726e-04
   1.0525968e-04
   1.0599467e-04
   1.0673665e-04
   1.0747184e-04
   1.0821251e-04
   1.0894448e-04
   1.0968323e-04
   1.1043680e-04
   1.1115637e-04
   1.1184696e-04
   1.1258408e-04
   1.1336007e-04
   1.1429016e-04
   1.1538793e-04
   1.1639528e-04
   1.1731772e-04
   1.1805554e-04
   1.1858774e-04
   1.1937081e-04
   1.2049844e-04
   1.2176110e-04
   1.2321876e-04
   1.2508814e-04
   1.2732072e-04
   1.3023270e-04
   1.3381551e-04
   1.3720148e-04
   1.4027756e-04
   1.4287919e-04
   1.4485428e-04
   1.4678398e-04
   1.4866136e-04
   1.5046591e-04
   1.5222526e-04
   1.5331301e-04
   1.5355356e-04
   1.5338612e-04
   1.5272357e-04
   1.5094008e-04
   1.4810791e-04
   1.4364745e-04
   1.3755068e-04
   1.3160311e-04
   1.2607544e-04
   1.2105487e-04
   1.1684870e-04
   1.1275047e-04
   1.0876002e-04
   1.0514885e-04
   1.0190226e-04
   9.9371063e-05
   9.7728512e-05
   9.6492458e-05
   9.5720627e-05
   9.6269801e-05
   9.8086922e-05
   1.0175149e-04
   1.0729493e-04
   1.1276297e-04
   1.1784869e-04
   1.2254733e-04
   1.2652836e-04
   1.3041273e-04
   1.3420775e-04
   1.3755366e-04
   1.4045597e-04
   1.4281155e-04
   1.4448944e-04
   1.4589377e-04
   1.4699943e-04
   1.4700300e-04
   1.4593889e-04
   1.4334281e-04
   1.3918040e-04
   1.3509913e-04
   1.3135216e-04
   1.2797359e-04
   1.2524034e-04
   1.2255206e-04
   1.1990332e-04
   1.1755461e-04
   1.1549273e-04
   1.1396499e-04
   1.1311386e-04
   1.1251361e-04
   1.1220429e-04
   1.1295595e-04
   1.1471896e-04
   1.1800511e-04
   1.2283910e-04
   1.2748049e-04
   1.3166504e-04
   1.3531879e-04
   1.3814609e-04
   1.4084138e-04
   1.4340746e-04
   1.4559164e-04
   1.4741245e-04
   1.4850031e-04
   1.4868038e-04
   1.4846423e-04
   1.4779625e-04
   1.4578324e-04
   1.4248739e-04
   1.3730143e-04
   1.3019748e-04
   1.2324695e-04
   1.1678207e-04
   1.1079130e-04
   1.0562767e-04
   1.0067998e-04
   9.5941118e-05
   9.1820275e-05
   8.8316491e-05
   8.5447910e-05
   8.3340181e-05
   8.1578739e-05
   8.0177137e-05
   8.0005608e-05
   8.1038017e-05
   8.3709356e-05
   8.8063635e-05
   9.2436762e-05
   9.6542172e-05
   1.0053423e-04
   1.0413506e-04
   1.0756740e-04
   1.1084722e-04
   1.1352354e-04
   1.1557619e-04
   1.1750446e-04
   1.1931163e-04
   1.2110712e-04
   1.2294855e-04
   1.2436607e-04
   1.2533165e-04
   1.2582463e-04
   1.2580359e-04
   1.2569174e-04
   1.2558631e-04
   1.2528113e-04
   1.2484014e-04
   1.2450888e-04
   1.2427227e-04
   1.2437787e-04
   1.2485387e-04
   1.2500951e-04
   1.2473055e-04
   1.2422243e-04
   1.2339401e-04
   1.2213424e-04
   1.2050096e-04
   1.1815020e-04
   1.1509822e-04
   1.1218734e-04
   1.0952741e-04
   1.0726814e-04
   1.0555782e-04
   1.0386410e-04
   1.0219251e-04
   1.0058515e-04
   9.9018867e-05
   9.8020747e-05
   9.7744218e-05
   9.7813091e-05
   9.8303080e-05
   9.9761650e-05
   1.0213107e-04
   1.0590521e-04
   1.1109478e-04
   1.1617822e-04
   1.2092521e-04
   1.2527382e-04
   1.2896403e-04
   1.3258084e-04
   1.3612664e-04
   1.3936251e-04
   1.4230067e-04
   1.4468003e-04
   1.4636165e-04
   1.4773916e-04
   1.4876883e-04
   1.4874196e-04
   1.4770072e-04
   1.4517547e-04
   1.4113966e-04
   1.3718681e-04
   1.3356580e-04
   1.3028749e-04
   1.2762094e-04
   1.2504252e-04
   1.2254594e-04
   1.2041616e-04
   1.1864624e-04
   1.1735263e-04
   1.1664889e-04
   1.1618242e-04
   1.1597667e-04
   1.1671599e-04
   1.1836762e-04
   1.2133461e-04
   1.2564458e-04
   1.2986627e-04
   1.3377455e-04
   1.3736320e-04
   1.4039064e-04
   1.4332417e-04
   1.4616904e-04
   1.4867043e-04
   1.5083435e-04
   1.5255258e-04
   1.5372124e-04
   1.5466658e-04
   1.5536747e-04
   1.5519175e-04
   1.5417036e-04
   1.5193124e-04
   1.4844916e-04
   1.4505058e-04
   1.4194635e-04
   1.3913016e-04
   1.3682593e-04
   1.3462592e-04
   1.3252415e-04
   1.3077144e-04
   1.2936385e-04
   1.2834782e-04
   1.2781062e-04
   1.2745980e-04
   1.2730682e-04
   1.2794158e-04
   1.2934075e-04
   1.3181562e-04
   1.3539301e-04
   1.3889932e-04
   1.4213303e-04
   1.4519089e-04
   1.4787585e-04
   1.5036389e-04
   1.5266565e-04
   1.5446948e-04
   1.5576322e-04
   1.5686659e-04
   1.5777402e-04
   1.5859003e-04
   1.5935253e-04
   1.5969061e-04
   1.5958855e-04
   1.5901069e-04
   1.5792699e-04
   1.5673316e-04
   1.5552609e-04
   1.5409322e-04
   1.5249737e-04
   1.5102812e-04
   1.4967299e-04
   1.4869614e-04
   1.4813232e-04
   1.4721879e-04
   1.4582578e-04
   1.4421605e-04
   1.4229221e-04
   1.3987059e-04
   1.3702198e-04
   1.3333452e-04
   1.2882660e-04
   1.2456754e-04
   1.2070632e-04
   1.1738957e-04
   1.1480593e-04
   1.1236860e-04
   1.1008248e-04
   1.0804511e-04
   1.0623403e-04
   1.0514846e-04
   1.0495272e-04
   1.0521585e-04
   1.0600918e-04
   1.0800818e-04
   1.1115487e-04
   1.1597195e-04
   1.2247897e-04
   1.2895850e-04
   1.3512173e-04
   1.4106567e-04
   1.4649729e-04
   1.5173324e-04
   1.5678375e-04
   1.6121238e-04
   1.6500135e-04
   1.6851810e-04
   1.7173577e-04
   1.7480594e-04
   1.7776428e-04
   1.8009747e-04
   1.8178269e-04
   1.8272925e-04
   1.8289289e-04
   1.8286657e-04
   1.8276936e-04
   1.8240555e-04
   1.8186651e-04
   1.8131981e-04
   1.8074911e-04
   1.8042215e-04
   1.8036454e-04
   1.7993274e-04
   1.7902916e-04
   1.7782464e-04
   1.7623678e-04
   1.7420673e-04
   1.7178716e-04
   1.6869370e-04
   1.6494372e-04
   1.6122862e-04
   1.5765077e-04
   1.5427361e-04
   1.5122111e-04
   1.4819273e-04
   1.4519235e-04
   1.4232375e-04
   1.3958287e-04
   1.3713935e-04
   1.3506814e-04
   1.3318960e-04
   1.3153470e-04
   1.3042182e-04
   1.2983550e-04
   1.2999854e-04
   1.3092720e-04
   1.3189756e-04
   1.3279670e-04
   1.3364412e-04
   1.3432028e-04
   1.3502252e-04
   1.3575720e-04
   1.3637595e-04
   1.3687949e-04
   1.3730332e-04
   1.3761657e-04
   1.3792633e-04
   1.3823313e-04
   1.3829755e-04
   1.3812541e-04
   1.3759694e-04
   1.3670064e-04
   1.3587480e-04
   1.3517869e-04
   1.3466574e-04
   1.3440880e-04
   1.3414972e-04
   1.3388884e-04
   1.3364424e-04
   1.3340277e-04
   1.3342620e-04
   1.3379016e-04
   1.3429432e-04
   1.3497394e-04
   1.3611634e-04
   1.3768564e-04
   1.3995265e-04
   1.4291787e-04
   1.4575370e-04
   1.4834479e-04
   1.5057937e-04
   1.5231368e-04
   1.5401914e-04
   1.5569128e-04
   1.5727469e-04
   1.5878875e-04
   1.5978536e-04
   1.6012617e-04
   1.6016954e-04
   1.5985209e-04
   1.5863301e-04
   1.5656727e-04
   1.5319195e-04
   1.4849695e-04
   1.4394165e-04
   1.3974976e-04
   1.3597445e-04
   1.3286586e-04
   1.2987801e-04
   1.2700893e-04
   1.2449536e-04
   1.2232693e-04
   1.2072879e-04
   1.1983099e-04
   1.1925498e-04
   1.1903851e-04
   1.1987532e-04
   1.2172687e-04
   1.2503093e-04
   1.2981496e-04
   1.3455426e-04
   1.3899951e-04
   1.4320395e-04
