   3.5447098e-02
   1.8827760e-02
   4.0220899e-03
   3.6207506e-02
   7.7818283e-02
   1.1871039e-01
   1.5720292e-01
   1.9364619e-01
   2.2630048e-01
   2.5745771e-01
   2.8716248e-01
   3.1303517e-01
   3.3500734e-01
   3.5442027e-01
   3.7094321e-01
   3.8589085e-01
   3.9937115e-01
   4.0787917e-01
   4.1136959e-01
   4.0875018e-01
   3.9976999e-01
   3.8961625e-01
   3.7927895e-01
   3.6755704e-01
   3.5528934e-01
   3.4311360e-01
   3.3093557e-01
   3.2075583e-01
   3.1274933e-01
   3.0284680e-01
   2.9052208e-01
   2.7662605e-01
   2.6065785e-01
   2.4278655e-01
   2.2334997e-01
   2.0079491e-01
   1.7527438e-01
   1.5023278e-01
   1.2615502e-01
   1.0361373e-01
   8.3246304e-02
   6.3135541e-02
   4.3324582e-02
   2.4159749e-02
   5.5944849e-03
   1.0737159e-02
   2.4291420e-02
   3.6325618e-02
   4.6576970e-02
   5.3039157e-02
   5.5852880e-02
   5.3422548e-02
   4.5660662e-02
   3.7613121e-02
   3.0097725e-02
   2.2837880e-02
   1.6674478e-02
   1.0574272e-02
   4.4880187e-03
   3.5578598e-04
   3.9282660e-03
   7.1825432e-03
   1.0031164e-02
   1.2955778e-02
   1.6051412e-02
   1.7839680e-02
   1.8276672e-02
   1.7015203e-02
   1.3941211e-02
   1.0934956e-02
   8.3258125e-03
   5.8119567e-03
   3.6878203e-03
   1.8493884e-03
   2.5995409e-04
   5.3311005e-04
   5.0847307e-04
   4.8887114e-04
   5.3987105e-04
   7.0672034e-04
   1.1006149e-03
   1.2903033e-03
   1.2430724e-03
   1.0516460e-03
   6.8466376e-04
   3.1538658e-04
   8.5056374e-06
   3.6294652e-04
   7.1923426e-04
   1.0033551e-03
   1.2145414e-03
   1.2809762e-03
   1.1912370e-03
   1.1108079e-03
   1.0582479e-03
   1.0237938e-03
   1.0296993e-03
   1.0209542e-03
   9.9127341e-04
   9.6900583e-04
   9.5051540e-04
   9.2822287e-04
   9.0464695e-04
   8.7164242e-04
   8.2858579e-04
   7.9282022e-04
   7.6565926e-04
   7.4905218e-04
   7.4504129e-04
   7.4044715e-04
   7.3356162e-04
   7.2651389e-04
   7.1767526e-04
   7.1011533e-04
   7.0431319e-04
   6.9817664e-04
   6.9186877e-04
   6.8638312e-04
   6.8159394e-04
   6.7789702e-04
   6.7537045e-04
   6.7281292e-04
   6.7007942e-04
   6.6717595e-04
   6.6393410e-04
   6.6087072e-04
   6.5802252e-04
   6.5525975e-04
   6.5261455e-04
   6.4988810e-04
   6.4703857e-04
   6.4407217e-04
   6.4095904e-04
   6.3781156e-04
   6.3464577e-04
   6.3140800e-04
   6.2810714e-04
   6.2476507e-04
   6.2137182e-04
   6.1796194e-04
   6.1453378e-04
   6.1098279e-04
   6.0728666e-04
   6.0347784e-04
   5.9953965e-04
   5.9543014e-04
   5.9114939e-04
   5.8666594e-04
   5.8197281e-04
   5.7718493e-04
   5.7234459e-04
   5.6728656e-04
   5.6202787e-04
   5.5686974e-04
   5.5180104e-04
   5.4701182e-04
   5.4253104e-04
   5.3769008e-04
   5.3236223e-04
   5.2682512e-04
   5.2099282e-04
   5.1461011e-04
   5.0774738e-04
   4.9997537e-04
   4.9131072e-04
   4.8291142e-04
   4.7493003e-04
   4.6758855e-04
   4.6109205e-04
   4.5467116e-04
   4.4833682e-04
   4.4212278e-04
   4.3599444e-04
   4.3077584e-04
   4.2670120e-04
   4.2318856e-04
   4.2035408e-04
   4.1903760e-04
   4.1914689e-04
   4.2144507e-04
   4.2594658e-04
   4.3028920e-04
   4.3410909e-04
   4.3733863e-04
   4.3957329e-04
   4.4165709e-04
   4.4359515e-04
   4.4498190e-04
   4.4583086e-04
   4.4586571e-04
   4.4489390e-04
   4.4348642e-04
   4.4159348e-04
   4.3813666e-04
   4.3316811e-04
   4.2604344e-04
   4.1671601e-04
   4.0747529e-04
   3.9870152e-04
   3.9027213e-04
   3.8257219e-04
   3.7512861e-04
   3.6792526e-04
   3.6150531e-04
   3.5588363e-04
   3.5068908e-04
   3.4597765e-04
   3.4148388e-04
   3.3717177e-04
   3.3378124e-04
   3.3132114e-04
   3.3001335e-04
   3.2990701e-04
   3.2993567e-04
   3.2991355e-04
   3.2996698e-04
   3.2992206e-04
   3.2989614e-04
   3.2990106e-04
   3.2965036e-04
   3.2913004e-04
   3.2867940e-04
   3.2830741e-04
   3.2806524e-04
   3.2799201e-04
   3.2782339e-04
   3.2754409e-04
   3.2713468e-04
   3.2657453e-04
   3.2609483e-04
   3.2572361e-04
   3.2549898e-04
   3.2545580e-04
   3.2541110e-04
   3.2536352e-04
   3.2529141e-04
   3.2518016e-04
   3.2527274e-04
   3.2562989e-04
   3.2607408e-04
   3.2663355e-04
   3.2754438e-04
   3.2876951e-04
   3.3054296e-04
   3.3286041e-04
   3.3499283e-04
   3.3683157e-04
   3.3830013e-04
   3.3926962e-04
   3.4009867e-04
   3.4078312e-04
   3.4124297e-04
   3.4148947e-04
   3.4123775e-04
   3.4038455e-04
   3.3921246e-04
   3.3768060e-04
   3.3532587e-04
   3.3218454e-04
   3.2792165e-04
   3.2252272e-04
   3.1712059e-04
   3.1191082e-04
   3.0680294e-04
   3.0199030e-04
   2.9731823e-04
   2.9277890e-04
   2.8868637e-04
   2.8505723e-04
   2.8154619e-04
   2.7815134e-04
   2.7481352e-04
   2.7149560e-04
   2.6850084e-04
   2.6585485e-04
   2.6355116e-04
   2.6162164e-04
   2.5984592e-04
   2.5816462e-04
   2.5675762e-04
   2.5559477e-04
   2.5441365e-04
   2.5322725e-04
   2.5184575e-04
   2.5024346e-04
   2.4903946e-04
   2.4834761e-04
   2.4793290e-04
   2.4787603e-04
   2.4838004e-04
   2.4938888e-04
   2.5125288e-04
   2.5396213e-04
   2.5656540e-04
   2.5891851e-04
   2.6096697e-04
   2.6254416e-04
   2.6402094e-04
   2.6539660e-04
   2.6651318e-04
   2.6737660e-04
   2.6783141e-04
   2.6778952e-04
   2.6749501e-04
   2.6692025e-04
   2.6561237e-04
   2.6359163e-04
   2.6058483e-04
   2.5656964e-04
   2.5251305e-04
   2.4858333e-04
   2.4467087e-04
   2.4093705e-04
   2.3729776e-04
   2.3374191e-04
   2.3055780e-04
   2.2776144e-04
   2.2496163e-04
   2.2213589e-04
   2.1927282e-04
   2.1632679e-04
   2.1351383e-04
   2.1086324e-04
   2.0831157e-04
   2.0588608e-04
   2.0356032e-04
   2.0130933e-04
   1.9928658e-04
   1.9749458e-04
   1.9566516e-04
   1.9381007e-04
   1.9180007e-04
   1.8961517e-04
   1.8778095e-04
   1.8640154e-04
   1.8527013e-04
   1.8445875e-04
   1.8416217e-04
   1.8433339e-04
   1.8529465e-04
   1.8703898e-04
   1.8871215e-04
   1.9020046e-04
   1.9137194e-04
   1.9207811e-04
   1.9283170e-04
   1.9362828e-04
   1.9441822e-04
   1.9522317e-04
   1.9554860e-04
   1.9524787e-04
   1.9468240e-04
   1.9378062e-04
   1.9201290e-04
   1.8943570e-04
   1.8556592e-04
   1.8039428e-04
   1.7539558e-04
   1.7078353e-04
   1.6667486e-04
   1.6332156e-04
   1.6003749e-04
   1.5682262e-04
   1.5385091e-04
   1.5109902e-04
   1.4905040e-04
   1.4788636e-04
   1.4711148e-04
   1.4679677e-04
   1.4775241e-04
   1.4991218e-04
   1.5388918e-04
   1.5970570e-04
   1.6535651e-04
   1.7052914e-04
   1.7518998e-04
   1.7899761e-04
   1.8263477e-04
   1.8610795e-04
   1.8906066e-04
   1.9150323e-04
   1.9325712e-04
   1.9416841e-04
   1.9471931e-04
   1.9487718e-04
   1.9371166e-04
   1.9126487e-04
   1.8701155e-04
   1.8091040e-04
   1.7488724e-04
   1.6927386e-04
   1.6390103e-04
   1.5909243e-04
   1.5458575e-04
   1.5036328e-04
   1.4695085e-04
   1.4437183e-04
   1.4204553e-04
   1.3996883e-04
   1.3801039e-04
   1.3610255e-04
   1.3480175e-04
   1.3414205e-04
   1.3413697e-04
   1.3483651e-04
   1.3574915e-04
   1.3674775e-04
   1.3815172e-04
   1.3988619e-04
   1.4149647e-04
   1.4300232e-04
   1.4403456e-04
   1.4454318e-04
   1.4565312e-04
   1.4756138e-04
   1.4986834e-04
   1.5271880e-04
   1.5641319e-04
   1.6084751e-04
   1.6664049e-04
   1.7376702e-04
   1.8060227e-04
   1.8691659e-04
   1.9250610e-04
   1.9708402e-04
   2.0150308e-04
   2.0575506e-04
   2.0967695e-04
   2.1329740e-04
   2.1592106e-04
   2.1731267e-04
   2.1807285e-04
   2.1809812e-04
   2.1643750e-04
   2.1317027e-04
   2.0754694e-04
   1.9953889e-04
   1.9156234e-04
   1.8400399e-04
   1.7682877e-04
   1.7044743e-04
   1.6419511e-04
   1.5806095e-04
   1.5255002e-04
   1.4766634e-04
   1.4331744e-04
   1.3962367e-04
   1.3618480e-04
   1.3300513e-04
   1.3098699e-04
   1.3011653e-04
   1.3080776e-04
   1.3311314e-04
   1.3542326e-04
   1.3747225e-04
   1.3937165e-04
   1.4085710e-04
   1.4224634e-04
   1.4355666e-04
   1.4440664e-04
   1.4478962e-04
   1.4499321e-04
   1.4498465e-04
   1.4496349e-04
   1.4496292e-04
   1.4444144e-04
   1.4339741e-04
   1.4167170e-04
   1.3923189e-04
   1.3687235e-04
   1.3473535e-04
   1.3272031e-04
   1.3095806e-04
   1.2938131e-04
   1.2798064e-04
   1.2698297e-04
   1.2639921e-04
   1.2593247e-04
   1.2557038e-04
   1.2526338e-04
   1.2497294e-04
   1.2493480e-04
   1.2516230e-04
   1.2564380e-04
   1.2639794e-04
   1.2723714e-04
   1.2810630e-04
   1.2914686e-04
   1.3032835e-04
   1.3143005e-04
   1.3245789e-04
   1.3324983e-04
   1.3378070e-04
   1.3455755e-04
   1.3566959e-04
   1.3692748e-04
   1.3839530e-04
   1.4022141e-04
   1.4235705e-04
   1.4508810e-04
   1.4840293e-04
   1.5153920e-04
   1.5438815e-04
   1.5685768e-04
   1.5881328e-04
   1.6064838e-04
   1.6235970e-04
   1.6386677e-04
   1.6518315e-04
   1.6599711e-04
   1.6620013e-04
   1.6607926e-04
   1.6558917e-04
   1.6426865e-04
   1.6215454e-04
   1.5890212e-04
   1.5449682e-04
   1.5008316e-04
   1.4585463e-04
   1.4173898e-04
   1.3793119e-04
   1.3423394e-04
   1.3064003e-04
   1.2744598e-04
   1.2466486e-04
   1.2202708e-04
   1.1954523e-04
   1.1713192e-04
   1.1476038e-04
   1.1275626e-04
   1.1113725e-04
   1.0994789e-04
   1.0921756e-04
   1.0860331e-04
   1.0803632e-04
   1.0763499e-04
   1.0734758e-04
   1.0707290e-04
   1.0682105e-04
   1.0643837e-04
   1.0591018e-04
   1.0561291e-04
   1.0560553e-04
   1.0578125e-04
   1.0618844e-04
   1.0687885e-04
   1.0782302e-04
   1.0918687e-04
   1.1096306e-04
   1.1272807e-04
   1.1441066e-04
   1.1602986e-04
   1.1751107e-04
   1.1892367e-04
   1.2026973e-04
   1.2142831e-04
   1.2239307e-04
   1.2329030e-04
   1.2411909e-04
   1.2490023e-04
   1.2564632e-04
   1.2624174e-04
   1.2667313e-04
   1.2695533e-04
   1.2707288e-04
   1.2708604e-04
   1.2702382e-04
   1.2674747e-04
   1.2626312e-04
   1.2581928e-04
   1.2540671e-04
   1.2516167e-04
   1.2510626e-04
   1.2472533e-04
   1.2391734e-04
   1.2290713e-04
   1.2162776e-04
   1.1985333e-04
   1.1763474e-04
   1.1464453e-04
   1.1089001e-04
   1.0728834e-04
   1.0397596e-04
   1.0102219e-04
   9.8587182e-05
   9.6273614e-05
   9.4082449e-05
   9.2145525e-05
   9.0452414e-05
   8.9232575e-05
   8.8587672e-05
   8.8232241e-05
   8.8201396e-05
   8.8992965e-05
   9.0576735e-05
   9.3276042e-05
   9.7111184e-05
   1.0095202e-04
   1.0459921e-04
   1.0818054e-04
   1.1150521e-04
   1.1466021e-04
   1.1765689e-04
   1.2015069e-04
   1.2212063e-04
   1.2404454e-04
   1.2595162e-04
   1.2784661e-04
   1.2978519e-04
   1.3151921e-04
   1.3301116e-04
   1.3435293e-04
   1.3551132e-04
   1.3647876e-04
   1.3728480e-04
   1.3771310e-04
   1.3775451e-04
   1.3781222e-04
   1.3787222e-04
   1.3811387e-04
   1.3856931e-04
   1.3847965e-04
   1.3769113e-04
   1.3653663e-04
   1.3491568e-04
   1.3248652e-04
   1.2932187e-04
   1.2493778e-04
   1.1934318e-04
   1.1389068e-04
   1.0878023e-04
   1.0411779e-04
   1.0013945e-04
   9.6250715e-05
   9.2454697e-05
   8.8936543e-05
   8.5682031e-05
   8.3057173e-05
   8.1213745e-05
   7.9753590e-05
   7.8735519e-05
   7.8838385e-05
   8.0016520e-05
   8.2759321e-05
   8.7091509e-05
   9.1403774e-05
   9.5443874e-05
   9.9212850e-05
   1.0243887e-04
   1.0562228e-04
   1.0877000e-04
   1.1157831e-04
   1.1405071e-04
   1.1613092e-04
   1.1771715e-04
   1.1912487e-04
   1.2033647e-04
   1.2071069e-04
   1.2027141e-04
   1.1865913e-04
   1.1584418e-04
   1.1311055e-04
   1.1065454e-04
   1.0849857e-04
   1.0685687e-04
   1.0526233e-04
   1.0370862e-04
   1.0239953e-04
   1.0132295e-04
   1.0066359e-04
   1.0053094e-04
   1.0058395e-04
   1.0085074e-04
   1.0194811e-04
   1.0383611e-04
   1.0691204e-04
   1.1119545e-04
   1.1530482e-04
   1.1902129e-04
   1.2233330e-04
   1.2500566e-04
   1.2748884e-04
   1.2978697e-04
   1.3164963e-04
   1.3308232e-04
   1.3398699e-04
   1.3426280e-04
   1.3423361e-04
   1.3388104e-04
   1.3257311e-04
   1.3033887e-04
   1.2682703e-04
   1.2201122e-04
   1.1719150e-04
   1.1259110e-04
   1.0811378e-04
   1.0398000e-04
   9.9982547e-05
   9.6113442e-05
   9.2710007e-05
   8.9788243e-05
   8.7030232e-05
   8.4448214e-05
   8.1942221e-05
   7.9479702e-05
   7.7434178e-05
   7.5823807e-05
   7.4705014e-05
   7.4109391e-05
   7.3631199e-05
   7.3194493e-05
   7.2897857e-05
   7.2678832e-05
   7.2498702e-05
   7.2366446e-05
   7.2139032e-05
   7.1805755e-05
   7.1651601e-05
   7.1713273e-05
   7.1939969e-05
   7.2367986e-05
   7.2976440e-05
   7.3746816e-05
   7.4767165e-05
   7.6030514e-05
   7.7345179e-05
   7.8673375e-05
   8.0057004e-05
   8.1461502e-05
   8.2841847e-05
   8.4200389e-05
   8.5441115e-05
   8.6553325e-05
   8.7750674e-05
   8.9063249e-05
   9.0425597e-05
   9.1862374e-05
   9.3396136e-05
   9.5001500e-05
   9.6796296e-05
   9.8768326e-05
   1.0063279e-04
   1.0236103e-04
   1.0382590e-04
   1.0497397e-04
   1.0613083e-04
   1.0728769e-04
   1.0850185e-04
   1.0979202e-04
   1.1068362e-04
   1.1106414e-04
   1.1119201e-04
   1.1100206e-04
   1.1017255e-04
   1.0875293e-04
   1.0637744e-04
   1.0304711e-04
   9.9824781e-05
   9.6863812e-05
   9.4263575e-05
   9.2208028e-05
   9.0185634e-05
   8.8199024e-05
   8.6367357e-05
   8.4674432e-05
   8.3501678e-05
   8.2985813e-05
   8.2771522e-05
   8.2916360e-05
   8.3991848e-05
   8.5949698e-05
   8.9243726e-05
   9.3889048e-05
   9.8438299e-05
   1.0267435e-04
   1.0652667e-04
   1.0974860e-04
   1.1292791e-04
   1.1606590e-04
   1.1895484e-04
   1.2160923e-04
   1.2370911e-04
   1.2510841e-04
   1.2621250e-04
   1.2697037e-04
   1.2667899e-04
   1.2538725e-04
   1.2259402e-04
   1.1827672e-04
   1.1408929e-04
   1.1028074e-04
   1.0692221e-04
   1.0429395e-04
   1.0173322e-04
   9.9236302e-05
   9.7044283e-05
   9.5139004e-05
   9.3867479e-05
   9.3394489e-05
   9.3239365e-05
   9.3454825e-05
   9.4880993e-05
   9.7460400e-05
   1.0176376e-04
   1.0781840e-04
   1.1368159e-04
   1.1904295e-04
   1.2391416e-04
   1.2796537e-04
   1.3177326e-04
   1.3534635e-04
   1.3830189e-04
   1.4064295e-04
   1.4235320e-04
   1.4331539e-04
   1.4392832e-04
   1.4418159e-04
   1.4324496e-04
   1.4114523e-04
   1.3747365e-04
   1.3218970e-04
   1.2688268e-04
   1.2183400e-04
   1.1686315e-04
   1.1223711e-04
   1.0781913e-04
   1.0359423e-04
   1.0003023e-04
   9.7154966e-05
   9.4350613e-05
   9.1586935e-05
   8.8828316e-05
   8.6003061e-05
   8.3490597e-05
   8.1334390e-05
   7.9458131e-05
   7.7904944e-05
   7.6547311e-05
   7.5333173e-05
   7.4490068e-05
   7.4005994e-05
   7.3509363e-05
   7.3016018e-05
   7.2320344e-05
   7.1390995e-05
   7.0993943e-05
   7.1276479e-05
   7.1938829e-05
   7.3083181e-05
   7.4983982e-05
   7.7572477e-05
   8.1299522e-05
   8.6154457e-05
   9.0919257e-05
   9.5417590e-05
   9.9536358e-05
   1.0306276e-04
   1.0656564e-04
   1.1004127e-04
   1.1333837e-04
   1.1647214e-04
   1.1905154e-04
   1.2092890e-04
   1.2247776e-04
   1.2363596e-04
   1.2378793e-04
   1.2297968e-04
   1.2073525e-04
   1.1703427e-04
   1.1339470e-04
   1.1004387e-04
   1.0704123e-04
   1.0464328e-04
   1.0225420e-04
   9.9870355e-05
   9.7716793e-05
   9.5779057e-05
   9.4350303e-05
   9.3572197e-05
   9.3050466e-05
   9.2832945e-05
   9.3608290e-05
   9.5328237e-05
   9.8488103e-05
   1.0310848e-04
   1.0757183e-04
   1.1164673e-04
   1.1518714e-04
   1.1791818e-04
   1.2064516e-04
   1.2336653e-04
   1.2592651e-04
   1.2835579e-04
   1.2999926e-04
   1.3063439e-04
   1.3085740e-04
   1.3057423e-04
   1.2885012e-04
   1.2577397e-04
   1.2057701e-04
   1.1324079e-04
   1.0620486e-04
   9.9830468e-05
   9.4282124e-05
   8.9977332e-05
   8.5839143e-05
   8.1867044e-05
   7.8375122e-05
   7.5329534e-05
   7.3428393e-05
   7.2954015e-05
   7.3110607e-05
   7.4000447e-05
   7.6960056e-05
   8.1887894e-05
   8.9740303e-05
   1.0055720e-04
   1.1112946e-04
   1.2093796e-04
   1.3003323e-04
   1.3786848e-04
   1.4531845e-04
   1.5239662e-04
   1.5843118e-04
   1.6341735e-04
   1.6747870e-04
   1.7045239e-04
   1.7290413e-04
   1.7483261e-04
   1.7497691e-04
   1.7336097e-04
   1.6942189e-04
   1.6309007e-04
   1.5662515e-04
   1.5042501e-04
   1.4422349e-04
   1.3839660e-04
   1.3274872e-04
   1.2725664e-04
   1.2257728e-04
   1.1874887e-04
   1.1490401e-04
   1.1099854e-04
   1.0699090e-04
   1.0278109e-04
   9.8879507e-05
   9.5344617e-05
   9.2081944e-05
   8.9148058e-05
   8.6375725e-05
   8.3716175e-05
   8.1356163e-05
   7.9280808e-05
   7.7241381e-05
   7.5254259e-05
   7.3168893e-05
   7.0967377e-05
   6.9188683e-05
   6.7934627e-05
   6.7027614e-05
   6.6543579e-05
   6.6626774e-05
   6.7239578e-05
   6.8656857e-05
   7.0876109e-05
   7.3185960e-05
   7.5477957e-05
   7.7744570e-05
   7.9863962e-05
   8.2054888e-05
   8.4320399e-05
   8.6514619e-05
   8.8637044e-05
   9.0694386e-05
   9.2648627e-05
   9.4604261e-05
   9.6554544e-05
   9.8262874e-05
   9.9729725e-05
   1.0083870e-04
   1.0157285e-04
   1.0234932e-04
   1.0322933e-04
   1.0420638e-04
   1.0534604e-04
   1.0650685e-04
   1.0768215e-04
   1.0894140e-04
   1.1027813e-04
   1.1172064e-04
   1.1329541e-04
   1.1490047e-04
   1.1653805e-04
   1.1839262e-04
   1.2045055e-04
   1.2282223e-04
   1.2551129e-04
   1.2811350e-04
   1.3056411e-04
   1.3284940e-04
